(size 102 102)
(row 72.124893 71.421288 70.724815 70.035706 69.354164 68.680420 68.014702 67.357254 66.708321 66.068146 65.436996 64.815125 64.202805 63.600315 63.007935 62.425957 61.854668 61.294373 60.745369 60.207973 59.682495 59.169250 58.668560 58.180752 57.706150 57.245087 56.797886 56.364883 55.946404 55.542774 55.154327 54.781384 54.424259 54.083267 53.758720 53.450912 53.160133 52.886669 52.630787 52.392746 52.172791 51.971146 51.788029 51.623638 51.478149 51.351730 51.244511 51.156624 51.088158 51.039200 51.009804 51.000000 51.000000 51.000000 51.000000 51.000000 51.000000 51.000000 51.000000 51.000000 51.000000 51.000000 51.000000 51.000000 51.000000 51.000000 51.000000 51.000000 51.000000 51.000000 51.000000 51.000000 51.000000 51.000000 51.000000 51.000000 51.000000 51.000000 51.000000 51.000000 51.000000 51.000000 51.000000 51.000000 51.000000 51.000000 51.000000 51.000000 51.000000 51.000000 51.000000 51.000000 51.000000 51.000000 51.000000 51.000000 51.000000 51.000000 51.000000 51.000000 51.000000 51.000000)
(row 71.421288 70.710678 70.007141 69.310890 68.622154 67.941147 67.268120 66.603302 65.946945 65.299309 64.660652 64.031242 63.411354 62.801273 62.201286 61.611687 61.032776 60.464867 59.908264 59.363289 58.830265 58.309517 57.801384 57.306194 56.824291 56.356010 55.901699 55.461697 55.036350 54.625999 54.230988 53.851646 53.488316 53.141319 52.810986 52.497620 52.201530 51.923019 51.662365 51.419842 51.195702 50.990196 50.803543 50.635956 50.487621 50.358711 50.249378 50.159744 50.089920 50.039986 50.009998 50.000000 50.000000 50.000000 50.000000 50.000000 50.000000 50.000000 50.000000 50.000000 50.000000 50.000000 50.000000 50.000000 50.000000 50.000000 50.000000 50.000000 50.000000 50.000000 50.000000 50.000000 50.000000 50.000000 50.000000 50.000000 50.000000 50.000000 50.000000 50.000000 50.000000 50.000000 50.000000 50.000000 50.000000 50.000000 50.000000 50.000000 50.000000 50.000000 50.000000 50.000000 50.000000 50.000000 50.000000 50.000000 50.000000 50.000000 50.000000 50.000000 50.000000 50.000000)
(row 70.724815 70.007141 69.296463 68.593002 67.896980 67.208633 66.528191 65.855904 65.192024 64.536812 63.890533 63.253460 62.625874 62.008064 61.400326 60.802959 60.216278 59.640591 59.076221 58.523499 57.982754 57.454330 56.938564 56.435802 55.946404 55.470715 55.009090 54.561890 54.129475 53.712196 53.310413 52.924477 52.554733 52.201530 51.865211 51.546097 51.244511 50.960770 50.695168 50.447994 50.219517 50.009998 49.819675 49.648766 49.497475 49.365982 49.254440 49.162994 49.091751 49.040798 49.010204 49.000000 49.000000 49.000000 49.000000 49.000000 49.000000 49.000000 49.000000 49.000000 49.000000 49.000000 49.000000 49.000000 49.000000 49.000000 49.000000 49.000000 49.000000 49.000000 49.000000 49.000000 49.000000 49.000000 49.000000 49.000000 49.000000 49.000000 49.000000 49.000000 49.000000 49.000000 49.000000 49.000000 49.000000 49.000000 49.000000 49.000000 49.000000 49.000000 49.000000 49.000000 49.000000 49.000000 49.000000 49.000000 49.000000 49.000000 49.000000 49.000000 49.000000 49.000000)
(row 70.035706 69.310890 68.593002 67.882248 67.178864 66.483078 65.795135 65.115280 64.443771 63.780872 63.126858 62.481998 61.846584 61.220913 60.605282 60.000000 59.405388 58.821766 58.249462 57.688820 57.140179 56.603886 56.080299 55.569775 55.072678 54.589378 54.120235 53.665630 53.225933 52.801514 52.392746 52.000000 51.623638 51.264023 50.921509 50.596443 50.289162 50.000000 49.729267 49.477268 49.244289 49.030602 48.836460 48.662102 48.507732 48.373547 48.259716 48.166378 48.093658 48.041649 48.010414 48.000000 48.000000 48.000000 48.000000 48.000000 48.000000 48.000000 48.000000 48.000000 48.000000 48.000000 48.000000 48.000000 48.000000 48.000000 48.000000 48.000000 48.000000 48.000000 48.000000 48.000000 48.000000 48.000000 48.000000 48.000000 48.000000 48.000000 48.000000 48.000000 48.000000 48.000000 48.000000 48.000000 48.000000 48.000000 48.000000 48.000000 48.000000 48.000000 48.000000 48.000000 48.000000 48.000000 48.000000 48.000000 48.000000 48.000000 48.000000 48.000000 48.000000 48.000000)
(row 69.354164 68.622154 67.896980 67.178864 66.468040 65.764732 65.069191 64.381676 63.702435 63.031738 62.369865 61.717094 61.073727 60.440052 59.816383 59.203041 58.600342 58.008621 57.428215 56.859474 56.302753 55.758408 55.226803 54.708317 54.203320 53.712196 53.235325 52.773098 52.325901 51.894123 51.478149 51.078373 50.695168 50.328918 49.979996 49.648766 49.335587 49.040798 48.764740 48.507732 48.270073 48.052055 47.853943 47.675991 47.518417 47.381432 47.265209 47.169907 47.095646 47.042534 47.010635 47.000000 47.000000 47.000000 47.000000 47.000000 47.000000 47.000000 47.000000 47.000000 47.000000 47.000000 47.000000 47.000000 47.000000 47.000000 47.000000 47.000000 47.000000 47.000000 47.000000 47.000000 47.000000 47.000000 47.000000 47.000000 47.000000 47.000000 47.000000 47.000000 47.000000 47.000000 47.000000 47.000000 47.000000 47.000000 47.000000 47.000000 47.000000 47.000000 47.000000 47.000000 47.000000 47.000000 47.000000 47.000000 47.000000 47.000000 47.000000 47.000000 47.000000 47.000000)
(row 68.680420 67.941147 67.208633 66.483078 65.764732 65.053825 64.350601 63.655323 62.968246 62.289646 61.619801 60.959003 60.307545 59.665737 59.033890 58.412327 57.801384 57.201397 56.612720 56.035702 55.470715 54.918121 54.378304 53.851646 53.338543 52.839378 52.354561 51.884487 51.429562 50.990196 50.566788 50.159744 49.769470 49.396355 49.040798 48.703182 48.383881 48.083260 47.801674 47.539455 47.296936 47.074409 46.872166 46.690472 46.529560 46.389652 46.270943 46.173584 46.097721 46.043457 46.010868 46.000000 46.000000 46.000000 46.000000 46.000000 46.000000 46.000000 46.000000 46.000000 46.000000 46.000000 46.000000 46.000000 46.000000 46.000000 46.000000 46.000000 46.000000 46.000000 46.000000 46.000000 46.000000 46.000000 46.000000 46.000000 46.000000 46.000000 46.000000 46.000000 46.000000 46.000000 46.000000 46.000000 46.000000 46.000000 46.000000 46.000000 46.000000 46.000000 46.000000 46.000000 46.000000 46.000000 46.000000 46.000000 46.000000 46.000000 46.000000 46.000000 46.000000 46.000000)
(row 68.014702 67.268120 66.528191 65.795135 65.069191 64.350601 63.639610 62.936474 62.241467 61.554852 60.876926 60.207973 59.548298 58.898216 58.258045 57.628117 57.008770 56.400352 55.803226 55.217751 54.644306 54.083267 53.535034 53.000000 52.478569 51.971146 51.478149 51.000000 50.537117 50.089920 49.658836 49.244289 48.846699 48.466484 48.104053 47.759815 47.434166 47.127487 46.840153 46.572525 46.324940 46.097721 45.891174 45.705578 45.541191 45.398239 45.276924 45.177429 45.099888 45.044422 45.011108 45.000000 45.000000 45.000000 45.000000 45.000000 45.000000 45.000000 45.000000 45.000000 45.000000 45.000000 45.000000 45.000000 45.000000 45.000000 45.000000 45.000000 45.000000 45.000000 45.000000 45.000000 45.000000 45.000000 45.000000 45.000000 45.000000 45.000000 45.000000 45.000000 45.000000 45.000000 45.000000 45.000000 45.000000 45.000000 45.000000 45.000000 45.000000 45.000000 45.000000 45.000000 45.000000 45.000000 45.000000 45.000000 45.000000 45.000000 45.000000 45.000000 45.000000 45.000000)
(row 67.357254 66.603302 65.855904 65.115280 64.381676 63.655323 62.936474 62.225395 61.522354 60.827625 60.141499 59.464275 58.796257 58.137768 57.489128 56.850681 56.222771 55.605755 55.000000 54.405884 53.823788 53.254108 52.697247 52.153618 51.623638 51.107731 50.606323 50.119858 49.648766 49.193497 48.754486 48.332184 47.927029 47.539455 47.169907 46.818798 46.486557 46.173584 45.880280 45.607018 45.354160 45.122055 44.911022 44.721359 44.553341 44.407207 44.283180 44.181442 44.102154 44.045429 44.011360 44.000000 44.000000 44.000000 44.000000 44.000000 44.000000 44.000000 44.000000 44.000000 44.000000 44.000000 44.000000 44.000000 44.000000 44.000000 44.000000 44.000000 44.000000 44.000000 44.000000 44.000000 44.000000 44.000000 44.000000 44.000000 44.000000 44.000000 44.000000 44.000000 44.000000 44.000000 44.000000 44.000000 44.000000 44.000000 44.000000 44.000000 44.000000 44.000000 44.000000 44.000000 44.000000 44.000000 44.000000 44.000000 44.000000 44.000000 44.000000 44.000000 44.000000 44.000000)
(row 66.708321 65.946945 65.192024 64.443771 63.702435 62.968246 62.241467 61.522354 60.811184 60.108234 59.413803 58.728188 58.051701 57.384666 56.727417 56.080299 55.443665 54.817879 54.203320 53.600372 53.009434 52.430908 51.865211 51.312767 50.774010 50.249378 49.739319 49.244289 48.764740 48.301140 47.853943 47.423622 47.010635 46.615448 46.238510 45.880280 45.541191 45.221676 44.922153 44.643028 44.384682 44.147480 43.931767 43.737854 43.566040 43.416588 43.289722 43.185646 43.104523 43.046486 43.011627 43.000000 43.000000 43.000000 43.000000 43.000000 43.000000 43.000000 43.000000 43.000000 43.000000 43.000000 43.000000 43.000000 43.000000 43.000000 43.000000 43.000000 43.000000 43.000000 43.000000 43.000000 43.000000 43.000000 43.000000 43.000000 43.000000 43.000000 43.000000 43.000000 43.000000 43.000000 43.000000 43.000000 43.000000 43.000000 43.000000 43.000000 43.000000 43.000000 43.000000 43.000000 43.000000 43.000000 43.000000 43.000000 43.000000 43.000000 43.000000 43.000000 43.000000 43.000000)
(row 66.068146 65.299309 64.536812 63.780872 63.031738 62.289646 61.554852 60.827625 60.108234 59.396969 58.694122 58.000000 57.314919 56.639210 55.973209 55.317268 54.671749 54.037025 53.413483 52.801514 52.201530 51.613953 51.039200 50.477718 49.929951 49.396355 48.877396 48.373547 47.885281 47.413078 46.957428 46.518814 46.097721 45.694637 45.310043 44.944408 44.598206 44.271889 43.965897 43.680660 43.416588 43.174065 42.953465 42.755116 42.579338 42.426407 42.296574 42.190044 42.107006 42.047592 42.011902 42.000000 42.000000 42.000000 42.000000 42.000000 42.000000 42.000000 42.000000 42.000000 42.000000 42.000000 42.000000 42.000000 42.000000 42.000000 42.000000 42.000000 42.000000 42.000000 42.000000 42.000000 42.000000 42.000000 42.000000 42.000000 42.000000 42.000000 42.000000 42.000000 42.000000 42.000000 42.000000 42.000000 42.000000 42.000000 42.000000 42.000000 42.000000 42.000000 42.000000 42.000000 42.000000 42.000000 42.000000 42.000000 42.000000 42.000000 42.000000 42.000000 42.000000 42.000000)
(row 65.436996 64.660652 63.890533 63.126858 62.369865 61.619801 60.876926 60.141499 59.413803 58.694122 57.982754 57.280014 56.586216 55.901699 55.226803 54.561890 53.907330 53.263496 52.630787 52.009613 51.400391 50.803543 50.219517 49.648766 49.091751 48.548943 48.020828 47.507893 47.010635 46.529560 46.065170 45.617977 45.188496 44.777225 44.384682 44.011360 43.657761 43.324356 43.011627 42.720020 42.449970 42.201897 41.976185 41.773197 41.593269 41.436699 41.303753 41.194660 41.109608 41.048752 41.012192 41.000000 41.000000 41.000000 41.000000 41.000000 41.000000 41.000000 41.000000 41.000000 41.000000 41.000000 41.000000 41.000000 41.000000 41.000000 41.000000 41.000000 41.000000 41.000000 41.000000 41.000000 41.000000 41.000000 41.000000 41.000000 41.000000 41.000000 41.000000 41.000000 41.000000 41.000000 41.000000 41.000000 41.000000 41.000000 41.000000 41.000000 41.000000 41.000000 41.000000 41.000000 41.000000 41.000000 41.000000 41.000000 41.000000 41.000000 41.000000 41.000000 41.000000 41.000000)
(row 64.815125 64.031242 63.253460 62.481998 61.717094 60.959003 60.207973 59.464275 58.728188 58.000000 57.280014 56.568542 55.865910 55.172455 54.488529 53.814495 53.150730 52.497620 51.855568 51.224995 50.606323 50.000000 49.406479 48.826221 48.259716 47.707443 47.169907 46.647614 46.141087 45.650848 45.177429 44.721359 44.283180 43.863422 43.462627 43.081318 42.720020 42.379238 42.059483 41.761227 41.484936 41.231056 41.000000 40.792156 40.607880 40.447498 40.311287 40.199501 40.112343 40.049969 40.012497 40.000000 40.000000 40.000000 40.000000 40.000000 40.000000 40.000000 40.000000 40.000000 40.000000 40.000000 40.000000 40.000000 40.000000 40.000000 40.000000 40.000000 40.000000 40.000000 40.000000 40.000000 40.000000 40.000000 40.000000 40.000000 40.000000 40.000000 40.000000 40.000000 40.000000 40.000000 40.000000 40.000000 40.000000 40.000000 40.000000 40.000000 40.000000 40.000000 40.000000 40.000000 40.000000 40.000000 40.000000 40.000000 40.000000 40.000000 40.000000 40.000000 40.000000 40.000000)
(row 64.202805 63.411354 62.625874 61.846584 61.073727 60.307545 59.548298 58.796257 58.051701 57.314919 56.586216 55.865910 55.154327 54.451813 53.758720 53.075417 52.402290 51.739731 51.088158 50.447994 49.819675 49.203659 48.600410 48.010414 47.434166 46.872166 46.324940 45.793015 45.276924 44.777225 44.294468 43.829212 43.382023 42.953465 42.544094 42.154476 41.785164 41.436699 41.109608 40.804413 40.521599 40.261642 40.024990 39.812057 39.623226 39.458839 39.319206 39.204590 39.115215 39.051247 39.012817 39.000000 39.000000 39.000000 39.000000 39.000000 39.000000 39.000000 39.000000 39.000000 39.000000 39.000000 39.000000 39.000000 39.000000 39.000000 39.000000 39.000000 39.000000 39.000000 39.000000 39.000000 39.000000 39.000000 39.000000 39.000000 39.000000 39.000000 39.000000 39.000000 39.000000 39.000000 39.000000 39.000000 39.000000 39.000000 39.000000 39.000000 39.000000 39.000000 39.000000 39.000000 39.000000 39.000000 39.000000 39.000000 39.000000 39.000000 39.000000 39.000000 39.000000 39.000000)
(row 63.600315 62.801273 62.008064 61.220913 60.440052 59.665737 58.898216 58.137768 57.384666 56.639210 55.901699 55.172455 54.451813 53.740116 53.037724 52.345009 51.662365 50.990196 50.328918 49.678970 49.040798 48.414875 47.801674 47.201694 46.615448 46.043457 45.486259 44.944408 44.418465 43.908997 43.416588 42.941822 42.485291 42.047592 41.629318 41.231056 40.853397 40.496914 40.162170 39.849716 39.560081 39.293766 39.051247 38.832977 38.639359 38.470768 38.327534 38.209946 38.118237 38.052597 38.013157 38.000000 38.000000 38.000000 38.000000 38.000000 38.000000 38.000000 38.000000 38.000000 38.000000 38.000000 38.000000 38.000000 38.000000 38.000000 38.000000 38.000000 38.000000 38.000000 38.000000 38.000000 38.000000 38.000000 38.000000 38.000000 38.000000 38.000000 38.000000 38.000000 38.000000 38.000000 38.000000 38.000000 38.000000 38.000000 38.000000 38.000000 38.000000 38.000000 38.000000 38.000000 38.000000 38.000000 38.000000 38.000000 38.000000 38.000000 38.000000 38.000000 38.000000 38.000000)
(row 63.007935 62.201286 61.400326 60.605282 59.816383 59.033890 58.258045 57.489128 56.727417 55.973209 55.226803 54.488529 53.758720 53.037724 52.325901 51.623638 50.931328 50.249378 49.578220 48.918301 48.270073 47.634022 47.010635 46.400433 45.803932 45.221676 44.654228 44.102154 43.566040 43.046486 42.544094 42.059483 41.593269 41.146080 40.718548 40.311287 39.924931 39.560081 39.217342 38.897301 38.600517 38.327534 38.078865 37.854988 37.656342 37.483330 37.336308 37.215588 37.121422 37.054012 37.013512 37.000000 37.000000 37.000000 37.000000 37.000000 37.000000 37.000000 37.000000 37.000000 37.000000 37.000000 37.000000 37.000000 37.000000 37.000000 37.000000 37.000000 37.000000 37.000000 37.000000 37.000000 37.000000 37.000000 37.000000 37.000000 37.000000 37.000000 37.000000 37.000000 37.000000 37.000000 37.000000 37.000000 37.000000 37.000000 37.000000 37.000000 37.000000 37.000000 37.000000 37.000000 37.000000 37.000000 37.000000 37.000000 37.000000 37.000000 37.000000 37.000000 37.000000 37.000000)
(row 62.425957 61.611687 60.802959 60.000000 59.203041 58.412327 57.628117 56.850681 56.080299 55.317268 54.561890 53.814495 53.075417 52.345009 51.623638 50.911690 50.209560 49.517673 48.836460 48.166378 47.507893 46.861496 46.227695 45.607018 45.000000 44.407207 43.829212 43.266617 42.720020 42.190044 41.677330 41.182518 40.706264 40.249222 39.812057 39.395432 39.000000 38.626415 38.275318 37.947334 37.643059 37.363083 37.107952 36.878178 36.674240 36.496574 36.345562 36.221542 36.124783 36.055511 36.013885 36.000000 36.000000 36.000000 36.000000 36.000000 36.000000 36.000000 36.000000 36.000000 36.000000 36.000000 36.000000 36.000000 36.000000 36.000000 36.000000 36.000000 36.000000 36.000000 36.000000 36.000000 36.000000 36.000000 36.000000 36.000000 36.000000 36.000000 36.000000 36.000000 36.000000 36.000000 36.000000 36.000000 36.000000 36.000000 36.000000 36.000000 36.000000 36.000000 36.000000 36.000000 36.000000 36.000000 36.000000 36.000000 36.000000 36.000000 36.000000 36.000000 36.000000 36.000000)
(row 61.854668 61.032776 60.216278 59.405388 58.600342 57.801384 57.008770 56.222771 55.443665 54.671749 53.907330 53.150730 52.402290 51.662365 50.931328 50.209560 49.497475 48.795490 48.104053 47.423622 46.754681 46.097721 45.453270 44.821869 44.204071 43.600460 43.011627 42.438190 41.880783 41.340054 40.816662 40.311287 39.824615 39.357338 38.910152 38.483761 38.078865 37.696156 37.336308 37.000000 36.687874 36.400551 36.138622 35.902645 35.693138 35.510563 35.355339 35.227829 35.128334 35.057095 35.014282 35.000000 35.000000 35.000000 35.000000 35.000000 35.000000 35.000000 35.000000 35.000000 35.000000 35.000000 35.000000 35.000000 35.000000 35.000000 35.000000 35.000000 35.000000 35.000000 35.000000 35.000000 35.000000 35.000000 35.000000 35.000000 35.000000 35.000000 35.000000 35.000000 35.000000 35.000000 35.000000 35.000000 35.000000 35.000000 35.000000 35.000000 35.000000 35.000000 35.000000 35.000000 35.000000 35.000000 35.000000 35.000000 35.000000 35.000000 35.000000 35.000000 35.000000 35.000000)
(row 61.294373 60.464867 59.640591 58.821766 58.008621 57.201397 56.400352 55.605755 54.817879 54.037025 53.263496 52.497620 51.739731 50.990196 50.249378 49.517673 48.795490 48.083260 47.381432 46.690472 46.010868 45.343136 44.687805 44.045429 43.416588 42.801868 42.201897 41.617306 41.048752 40.496914 39.962482 39.446167 38.948685 38.470768 38.013157 37.576588 37.161808 36.769554 36.400551 36.055511 35.735138 35.440090 35.171009 34.928497 34.713112 34.525352 34.365681 34.234486 34.132095 34.058773 34.014702 34.000000 34.000000 34.000000 34.000000 34.000000 34.000000 34.000000 34.000000 34.000000 34.000000 34.000000 34.000000 34.000000 34.000000 34.000000 34.000000 34.000000 34.000000 34.000000 34.000000 34.000000 34.000000 34.000000 34.000000 34.000000 34.000000 34.000000 34.000000 34.000000 34.000000 34.000000 34.000000 34.000000 34.000000 34.000000 34.000000 34.000000 34.000000 34.000000 34.000000 34.000000 34.000000 34.000000 34.000000 34.000000 34.000000 34.000000 34.000000 34.000000 34.000000 34.000000)
(row 60.745369 59.908264 59.076221 58.249462 57.428215 56.612720 55.803226 55.000000 54.203320 53.413483 52.630787 51.855568 51.088158 50.328918 49.578220 48.836460 48.104053 47.381432 46.669048 45.967381 45.276924 44.598206 43.931767 43.278168 42.638012 42.011902 41.400482 40.804413 40.224373 39.661064 39.115215 38.587563 38.078865 37.589893 37.121422 36.674240 36.249138 35.846897 35.468296 35.114098 34.785053 34.481880 34.205261 33.955853 33.734257 33.541019 33.376637 33.241539 33.136082 33.060551 33.015148 33.000000 33.000000 33.000000 33.000000 33.000000 33.000000 33.000000 33.000000 33.000000 33.000000 33.000000 33.000000 33.000000 33.000000 33.000000 33.000000 33.000000 33.000000 33.000000 33.000000 33.000000 33.000000 33.000000 33.000000 33.000000 33.000000 33.000000 33.000000 33.000000 33.000000 33.000000 33.000000 33.000000 33.000000 33.000000 33.000000 33.000000 33.000000 33.000000 33.000000 33.000000 33.000000 33.000000 33.000000 33.000000 33.000000 33.000000 33.000000 33.000000 33.000000 33.000000)
(row 60.207973 59.363289 58.523499 57.688820 56.859474 56.035702 55.217751 54.405884 53.600372 52.801514 52.009613 51.224995 50.447994 49.678970 48.918301 48.166378 47.423622 46.690472 45.967381 45.254833 44.553341 43.863422 43.185646 42.520584 41.868843 41.231056 40.607880 40.000000 39.408119 38.832977 38.275318 37.735924 37.215588 36.715118 36.235340 35.777088 35.341194 34.928497 34.539833 34.176014 33.837849 33.526108 33.241539 32.984844 32.756680 32.557640 32.388271 32.249031 32.140316 32.062439 32.015621 32.000000 32.000000 32.000000 32.000000 32.000000 32.000000 32.000000 32.000000 32.000000 32.000000 32.000000 32.000000 32.000000 32.000000 32.000000 32.000000 32.000000 32.000000 32.000000 32.000000 32.000000 32.000000 32.000000 32.000000 32.000000 32.000000 32.000000 32.000000 32.000000 32.000000 32.000000 32.000000 32.000000 32.000000 32.000000 32.000000 32.000000 32.000000 32.000000 32.000000 32.000000 32.000000 32.000000 32.000000 32.000000 32.000000 32.000000 32.000000 32.000000 32.000000 32.000000)
(row 59.682495 58.830265 57.982754 57.140179 56.302753 55.470715 54.644306 53.823788 53.009434 52.201530 51.400391 50.606323 49.819675 49.040798 48.270073 47.507893 46.754681 46.010868 45.276924 44.553341 43.840618 43.139309 42.449970 41.773197 41.109608 40.459858 39.824615 39.204590 38.600517 38.013157 37.443291 36.891731 36.359318 35.846897 35.355339 34.885525 34.438351 34.014702 33.615475 33.241539 32.893768 32.572994 32.280025 32.015621 31.780497 31.575306 31.400637 31.257000 31.144823 31.064449 31.016125 31.000000 31.000000 31.000000 31.000000 31.000000 31.000000 31.000000 31.000000 31.000000 31.000000 31.000000 31.000000 31.000000 31.000000 31.000000 31.000000 31.000000 31.000000 31.000000 31.000000 31.000000 31.000000 31.000000 31.000000 31.000000 31.000000 31.000000 31.000000 31.000000 31.000000 31.000000 31.000000 31.000000 31.000000 31.000000 31.000000 31.000000 31.000000 31.000000 31.000000 31.000000 31.000000 31.000000 31.000000 31.000000 31.000000 31.000000 31.000000 31.000000 31.000000 31.000000)
(row 59.169250 58.309517 57.454330 56.603886 55.758408 54.918121 54.083267 53.254108 52.430908 51.613953 50.803543 50.000000 49.203659 48.414875 47.634022 46.861496 46.097721 45.343136 44.598206 43.863422 43.139309 42.426407 41.725292 41.036568 40.360870 39.698868 39.051247 38.418747 37.802116 37.202148 36.619667 36.055511 35.510563 34.985710 34.481880 34.000000 33.541019 33.105888 32.695564 32.310989 31.953091 31.622776 31.320919 31.048349 30.805843 30.594116 30.413813 30.265491 30.149628 30.066593 30.016663 30.000000 30.000000 30.000000 30.000000 30.000000 30.000000 30.000000 30.000000 30.000000 30.000000 30.000000 30.000000 30.000000 30.000000 30.000000 30.000000 30.000000 30.000000 30.000000 30.000000 30.000000 30.000000 30.000000 30.000000 30.000000 30.000000 30.000000 30.000000 30.000000 30.000000 30.000000 30.000000 30.000000 30.000000 30.000000 30.000000 30.000000 30.000000 30.000000 30.000000 30.000000 30.000000 30.000000 30.000000 30.000000 30.000000 30.000000 30.000000 30.000000 30.000000 30.000000)
(row 58.668560 57.801384 56.938564 56.080299 55.226803 54.378304 53.535034 52.697247 51.865211 51.039200 50.219517 49.406479 48.600410 47.801674 47.010635 46.227695 45.453270 44.687805 43.931767 43.185646 42.449970 41.725292 41.012192 40.311287 39.623226 38.948685 38.288380 37.643059 37.013512 36.400551 35.805027 35.227829 34.669872 34.132095 33.615475 33.120991 32.649654 32.202484 31.780497 31.384710 31.016125 30.675722 30.364452 30.083218 29.832869 29.614185 29.427877 29.274563 29.154758 29.068884 29.017237 29.000000 29.000000 29.000000 29.000000 29.000000 29.000000 29.000000 29.000000 29.000000 29.000000 29.000000 29.000000 29.000000 29.000000 29.000000 29.000000 29.000000 29.000000 29.000000 29.000000 29.000000 29.000000 29.000000 29.000000 29.000000 29.000000 29.000000 29.000000 29.000000 29.000000 29.000000 29.000000 29.000000 29.000000 29.000000 29.000000 29.000000 29.000000 29.000000 29.000000 29.000000 29.000000 29.000000 29.000000 29.000000 29.000000 29.000000 29.000000 29.000000 29.000000 29.000000)
(row 58.180752 57.306194 56.435802 55.569775 54.708317 53.851646 53.000000 52.153618 51.312767 50.477718 49.648766 48.826221 48.010414 47.201694 46.400433 45.607018 44.821869 44.045429 43.278168 42.520584 41.773197 41.036568 40.311287 39.597980 38.897301 38.209946 37.536648 36.878178 36.235340 35.608986 35.000000 34.409302 33.837849 33.286633 32.756680 32.249031 31.764759 31.304951 30.870697 30.463093 30.083218 29.732138 29.410883 29.120440 28.861740 28.635643 28.442924 28.284271 28.160255 28.071339 28.017851 28.000000 28.000000 28.000000 28.000000 28.000000 28.000000 28.000000 28.000000 28.000000 28.000000 28.000000 28.000000 28.000000 28.000000 28.000000 28.000000 28.000000 28.000000 28.000000 28.000000 28.000000 28.000000 28.000000 28.000000 28.000000 28.000000 28.000000 28.000000 28.000000 28.000000 28.000000 28.000000 28.000000 28.000000 28.000000 28.000000 28.000000 28.000000 28.000000 28.000000 28.000000 28.000000 28.000000 28.000000 28.000000 28.000000 28.000000 28.000000 28.000000 28.000000 28.000000)
(row 57.706150 56.824291 55.946404 55.072678 54.203320 53.338543 52.478569 51.623638 50.774010 49.929951 49.091751 48.259716 47.434166 46.615448 45.803932 45.000000 44.204071 43.416588 42.638012 41.868843 41.109608 40.360870 39.623226 38.897301 38.183765 37.483330 36.796738 36.124783 35.468296 34.828148 34.205261 33.600597 33.015148 32.449963 31.906113 31.384710 30.886890 30.413813 29.966648 29.546574 29.154758 28.792360 28.460499 28.160255 27.892651 27.658634 27.459061 27.294689 27.166155 27.073973 27.018513 27.000000 27.000000 27.000000 27.000000 27.000000 27.000000 27.000000 27.000000 27.000000 27.000000 27.000000 27.000000 27.000000 27.000000 27.000000 27.000000 27.000000 27.000000 27.000000 27.000000 27.000000 27.000000 27.000000 27.000000 27.000000 27.000000 27.000000 27.000000 27.000000 27.000000 27.000000 27.000000 27.000000 27.000000 27.000000 27.000000 27.000000 27.000000 27.000000 27.000000 27.000000 27.000000 27.000000 27.000000 27.000000 27.000000 27.000000 27.000000 27.000000 27.000000 27.000000)
(row 57.245087 56.356010 55.470715 54.589378 53.712196 52.839378 51.971146 51.107731 50.249378 49.396355 48.548943 47.707443 46.872166 46.043457 45.221676 44.407207 43.600460 42.801868 42.011902 41.231056 40.459858 39.698868 38.948685 38.209946 37.483330 36.769554 36.069378 35.383614 34.713112 34.058773 33.421551 32.802437 32.202484 31.622776 31.064449 30.528675 30.016663 29.529646 29.068884 28.635643 28.231188 27.856777 27.513634 27.202942 26.925823 26.683329 26.476404 26.305893 26.172504 26.076809 26.019224 26.000000 26.000000 26.000000 26.000000 26.000000 26.000000 26.000000 26.000000 26.000000 26.000000 26.000000 26.000000 26.000000 26.000000 26.000000 26.000000 26.000000 26.000000 26.000000 26.000000 26.000000 26.000000 26.000000 26.000000 26.000000 26.000000 26.000000 26.000000 26.000000 26.000000 26.000000 26.000000 26.000000 26.000000 26.000000 26.000000 26.000000 26.000000 26.000000 26.000000 26.000000 26.000000 26.000000 26.000000 26.000000 26.000000 26.000000 26.000000 26.000000 26.000000 26.000000)
(row 56.797886 55.901699 55.009090 54.120235 53.235325 52.354561 51.478149 50.606323 49.739319 48.877396 48.020828 47.169907 46.324940 45.486259 44.654228 43.829212 43.011627 42.201897 41.400482 40.607880 39.824615 39.051247 38.288380 37.536648 36.796738 36.069378 35.355339 34.655445 33.970573 33.301651 32.649654 32.015621 31.400637 30.805843 30.232433 29.681644 29.154758 28.653097 28.178005 27.730848 27.313000 26.925823 26.570660 26.248810 25.961510 25.709921 25.495098 25.317978 25.179356 25.079872 25.019993 25.000000 25.000000 25.000000 25.000000 25.000000 25.000000 25.000000 25.000000 25.000000 25.000000 25.000000 25.000000 25.000000 25.000000 25.000000 25.000000 25.000000 25.000000 25.000000 25.000000 25.000000 25.000000 25.000000 25.000000 25.000000 25.000000 25.000000 25.000000 25.000000 25.000000 25.000000 25.000000 25.000000 25.000000 25.000000 25.000000 25.000000 25.000000 25.000000 25.000000 25.000000 25.000000 25.000000 25.000000 25.000000 25.000000 25.000000 25.000000 25.000000 25.000000 25.000000)
(row 56.364883 55.461697 54.561890 53.665630 52.773098 51.884487 51.000000 50.119858 49.244289 48.373547 47.507893 46.647614 45.793015 44.944408 44.102154 43.266617 42.438190 41.617306 40.804413 40.000000 39.204590 38.418747 37.643059 36.878178 36.124783 35.383614 34.655445 33.941124 33.241539 32.557640 31.890436 31.240999 30.610456 30.000000 29.410883 28.844410 28.301943 27.784887 27.294689 26.832815 26.400757 26.000000 25.632011 25.298222 25.000000 24.738634 24.515301 24.331051 24.186773 24.083189 24.020824 24.000000 24.000000 24.000000 24.000000 24.000000 24.000000 24.000000 24.000000 24.000000 24.000000 24.000000 24.000000 24.000000 24.000000 24.000000 24.000000 24.000000 24.000000 24.000000 24.000000 24.000000 24.000000 24.000000 24.000000 24.000000 24.000000 24.000000 24.000000 24.000000 24.000000 24.000000 24.000000 24.000000 24.000000 24.000000 24.000000 24.000000 24.000000 24.000000 24.000000 24.000000 24.000000 24.000000 24.000000 24.000000 24.000000 24.000000 24.000000 24.000000 24.000000 24.000000)
(row 55.946404 55.036350 54.129475 53.225933 52.325901 51.429562 50.537117 49.648766 48.764740 47.885281 47.010635 46.141087 45.276924 44.418465 43.566040 42.720020 41.880783 41.048752 40.224373 39.408119 38.600517 37.802116 37.013512 36.235340 35.468296 34.713112 33.970573 33.241539 32.526913 31.827662 31.144823 30.479502 29.832869 29.206163 28.600698 28.017851 27.459061 26.925823 26.419689 25.942244 25.495098 25.079872 24.698177 24.351591 24.041630 23.769728 23.537205 23.345236 23.194826 23.086792 23.021729 23.000000 23.000000 23.000000 23.000000 23.000000 23.000000 23.000000 23.000000 23.000000 23.000000 23.000000 23.000000 23.000000 23.000000 23.000000 23.000000 23.000000 23.000000 23.000000 23.000000 23.000000 23.000000 23.000000 23.000000 23.000000 23.000000 23.000000 23.000000 23.000000 23.000000 23.000000 23.000000 23.000000 23.000000 23.000000 23.000000 23.000000 23.000000 23.000000 23.000000 23.000000 23.000000 23.000000 23.000000 23.000000 23.000000 23.000000 23.000000 23.000000 23.000000 23.000000)
(row 55.542774 54.625999 53.712196 52.801514 51.894123 50.990196 50.089920 49.193497 48.301140 47.413078 46.529560 45.650848 44.777225 43.908997 43.046486 42.190044 41.340054 40.496914 39.661064 38.832977 38.013157 37.202148 36.400551 35.608986 34.828148 34.058773 33.301651 32.557640 31.827662 31.112698 30.413813 29.732138 29.068884 28.425341 27.802877 27.202942 26.627054 26.076809 25.553865 25.059929 24.596748 24.166092 23.769728 23.409399 23.086792 22.803509 22.561028 22.360680 22.203604 22.090721 22.022715 22.000000 22.000000 22.000000 22.000000 22.000000 22.000000 22.000000 22.000000 22.000000 22.000000 22.000000 22.000000 22.000000 22.000000 22.000000 22.000000 22.000000 22.000000 22.000000 22.000000 22.000000 22.000000 22.000000 22.000000 22.000000 22.000000 22.000000 22.000000 22.000000 22.000000 22.000000 22.000000 22.000000 22.000000 22.000000 22.000000 22.000000 22.000000 22.000000 22.000000 22.000000 22.000000 22.000000 22.000000 22.000000 22.000000 22.000000 22.000000 22.000000 22.000000 22.000000)
(row 55.154327 54.230988 53.310413 52.392746 51.478149 50.566788 49.658836 48.754486 47.853943 46.957428 46.065170 45.177429 44.294468 43.416588 42.544094 41.677330 40.816662 39.962482 39.115215 38.275318 37.443291 36.619667 35.805027 35.000000 34.205261 33.421551 32.649654 31.890436 31.144823 30.413813 29.698484 29.000000 28.319605 27.658634 27.018513 26.400757 25.806976 25.238859 24.698177 24.186773 23.706539 23.259407 22.847319 22.472204 22.135944 21.840330 21.587032 21.377558 21.213203 21.095022 21.023796 21.000000 21.000000 21.000000 21.000000 21.000000 21.000000 21.000000 21.000000 21.000000 21.000000 21.000000 21.000000 21.000000 21.000000 21.000000 21.000000 21.000000 21.000000 21.000000 21.000000 21.000000 21.000000 21.000000 21.000000 21.000000 21.000000 21.000000 21.000000 21.000000 21.000000 21.000000 21.000000 21.000000 21.000000 21.000000 21.000000 21.000000 21.000000 21.000000 21.000000 21.000000 21.000000 21.000000 21.000000 21.000000 21.000000 21.000000 21.000000 21.000000 21.000000 21.000000)
(row 54.781384 53.851646 52.924477 52.000000 51.078373 50.159744 49.244289 48.332184 47.423622 46.518814 45.617977 44.721359 43.829212 42.941822 42.059483 41.182518 40.311287 39.446167 38.587563 37.735924 36.891731 36.055511 35.227829 34.409302 33.600597 32.802437 32.015621 31.240999 30.479502 29.732138 29.000000 28.284271 27.586227 26.907248 26.248810 25.612497 25.000000 24.413111 23.853722 23.323807 22.825424 22.360680 21.931711 21.540659 21.189619 20.880613 20.615528 20.396078 20.223749 20.099751 20.024984 20.000000 20.000000 20.000000 20.000000 20.000000 20.000000 20.000000 20.000000 20.000000 20.000000 20.000000 20.000000 20.000000 20.000000 20.000000 20.000000 20.000000 20.000000 20.000000 20.000000 20.000000 20.000000 20.000000 20.000000 20.000000 20.000000 20.000000 20.000000 20.000000 20.000000 20.000000 20.000000 20.000000 20.000000 20.000000 20.000000 20.000000 20.000000 20.000000 20.000000 20.000000 20.000000 20.000000 20.000000 20.000000 20.000000 20.000000 20.000000 20.000000 20.000000 20.000000)
(row 54.424259 53.488316 52.554733 51.623638 50.695168 49.769470 48.846699 47.927029 47.010635 46.097721 45.188496 44.283180 43.382023 42.485291 41.593269 40.706264 39.824615 38.948685 38.078865 37.215588 36.359318 35.510563 34.669872 33.837849 33.015148 32.202484 31.400637 30.610456 29.832869 29.068884 28.319605 27.586227 26.870058 26.172504 25.495098 24.839485 24.207438 23.600847 23.021729 22.472204 21.954498 21.470911 21.023796 20.615528 20.248457 19.924858 19.646883 19.416489 19.235384 19.104973 19.026299 19.000000 19.000000 19.000000 19.000000 19.000000 19.000000 19.000000 19.000000 19.000000 19.000000 19.000000 19.000000 19.000000 19.000000 19.000000 19.000000 19.000000 19.000000 19.000000 19.000000 19.000000 19.000000 19.000000 19.000000 19.000000 19.000000 19.000000 19.000000 19.000000 19.000000 19.000000 19.000000 19.000000 19.000000 19.000000 19.000000 19.000000 19.000000 19.000000 19.000000 19.000000 19.000000 19.000000 19.000000 19.000000 19.000000 19.000000 19.000000 19.000000 19.000000 19.000000)
(row 54.083267 53.141319 52.201530 51.264023 50.328918 49.396355 48.466484 47.539455 46.615448 45.694637 44.777225 43.863422 42.953465 42.047592 41.146080 40.249222 39.357338 38.470768 37.589893 36.715118 35.846897 34.985710 34.132095 33.286633 32.449963 31.622776 30.805843 30.000000 29.206163 28.425341 27.658634 26.907248 26.172504 25.455845 24.758837 24.083189 23.430748 22.803509 22.203604 21.633308 21.095022 20.591259 20.124611 19.697716 19.313208 18.973667 18.681541 18.439089 18.248287 18.110771 18.027756 18.000000 18.000000 18.000000 18.000000 18.000000 18.000000 18.000000 18.000000 18.000000 18.000000 18.000000 18.000000 18.000000 18.000000 18.000000 18.000000 18.000000 18.000000 18.000000 18.000000 18.000000 18.000000 18.000000 18.000000 18.000000 18.000000 18.000000 18.000000 18.000000 18.000000 18.000000 18.000000 18.000000 18.000000 18.000000 18.000000 18.000000 18.000000 18.000000 18.000000 18.000000 18.000000 18.000000 18.000000 18.000000 18.000000 18.000000 18.000000 18.000000 18.000000 18.000000)
(row 53.758720 52.810986 51.865211 50.921509 49.979996 49.040798 48.104053 47.169907 46.238510 45.310043 44.384682 43.462627 42.544094 41.629318 40.718548 39.812057 38.910152 38.013157 37.121422 36.235340 35.355339 34.481880 33.615475 32.756680 31.906113 31.064449 30.232433 29.410883 28.600698 27.802877 27.018513 26.248810 25.495098 24.758837 24.041630 23.345236 22.671568 22.022715 21.400934 20.808653 20.248457 19.723083 19.235384 18.788294 18.384777 18.027756 17.720045 17.464249 17.262676 17.117243 17.029387 17.000000 17.000000 17.000000 17.000000 17.000000 17.000000 17.000000 17.000000 17.000000 17.000000 17.000000 17.000000 17.000000 17.000000 17.000000 17.000000 17.000000 17.000000 17.000000 17.000000 17.000000 17.000000 17.000000 17.000000 17.000000 17.000000 17.000000 17.000000 17.000000 17.000000 17.000000 17.000000 17.000000 17.000000 17.000000 17.000000 17.000000 17.000000 17.000000 17.000000 17.000000 17.000000 17.000000 17.000000 17.000000 17.000000 17.000000 17.000000 17.000000 17.000000 17.000000)
(row 53.450912 52.497620 51.546097 50.596443 49.648766 48.703182 47.759815 46.818798 45.880280 44.944408 44.011360 43.081318 42.154476 41.231056 40.311287 39.395432 38.483761 37.576588 36.674240 35.777088 34.885525 34.000000 33.120991 32.249031 31.384710 30.528675 29.681644 28.844410 28.017851 27.202942 26.400757 25.612497 24.839485 24.083189 23.345236 22.627417 21.931711 21.260292 20.615528 20.000000 19.416489 18.867962 18.357559 17.888544 17.464249 17.088007 16.763054 16.492422 16.278820 16.124516 16.031219 16.000000 16.000000 16.000000 16.000000 16.000000 16.000000 16.000000 16.000000 16.000000 16.000000 16.000000 16.000000 16.000000 16.000000 16.000000 16.000000 16.000000 16.000000 16.000000 16.000000 16.000000 16.000000 16.000000 16.000000 16.000000 16.000000 16.000000 16.000000 16.000000 16.000000 16.000000 16.000000 16.000000 16.000000 16.000000 16.000000 16.000000 16.000000 16.000000 16.000000 16.000000 16.000000 16.000000 16.000000 16.000000 16.000000 16.000000 16.000000 16.000000 16.000000 16.000000)
(row 53.160133 52.201530 51.244511 50.289162 49.335587 48.383881 47.434166 46.486557 45.541191 44.598206 43.657761 42.720020 41.785164 40.853397 39.924931 39.000000 38.078865 37.161808 36.249138 35.341194 34.438351 33.541019 32.649654 31.764759 30.886890 30.016663 29.154758 28.301943 27.459061 26.627054 25.806976 25.000000 24.207438 23.430748 22.671568 21.931711 21.213203 20.518284 19.849434 19.209373 18.601074 18.027756 17.492855 17.000000 16.552944 16.155495 15.811388 15.524175 15.297058 15.132746 15.033297 15.000000 15.000000 15.000000 15.000000 15.000000 15.000000 15.000000 15.000000 15.000000 15.000000 15.000000 15.000000 15.000000 15.000000 15.000000 15.000000 15.000000 15.000000 15.000000 15.000000 15.000000 15.000000 15.000000 15.000000 15.000000 15.000000 15.000000 15.000000 15.000000 15.000000 15.000000 15.000000 15.000000 15.000000 15.000000 15.000000 15.000000 15.000000 15.000000 15.000000 15.000000 15.000000 15.000000 15.000000 15.000000 15.000000 15.000000 15.000000 15.000000 15.000000 15.000000)
(row 52.886669 51.923019 50.960770 50.000000 49.040798 48.083260 47.127487 46.173584 45.221676 44.271889 43.324356 42.379238 41.436699 40.496914 39.560081 38.626415 37.696156 36.769554 35.846897 34.928497 34.014702 33.105888 32.202484 31.304951 30.413813 29.529646 28.653097 27.784887 26.925823 26.076809 25.238859 24.413111 23.600847 22.803509 22.022715 21.260292 20.518284 19.798990 19.104973 18.439089 17.804493 17.204651 16.643316 16.124516 15.652475 15.231546 14.866069 14.560220 14.317822 14.142136 14.035669 14.000000 14.000000 14.000000 14.000000 14.000000 14.000000 14.000000 14.000000 14.000000 14.000000 14.000000 14.000000 14.000000 14.000000 14.000000 14.000000 14.000000 14.000000 14.000000 14.000000 14.000000 14.000000 14.000000 14.000000 14.000000 14.000000 14.000000 14.000000 14.000000 14.000000 14.000000 14.000000 14.000000 14.000000 14.000000 14.000000 14.000000 14.000000 14.000000 14.000000 14.000000 14.000000 14.000000 14.000000 14.000000 14.000000 14.000000 14.000000 14.000000 14.000000 14.000000)
