(size 74 44)
(row 11.112698 10.413813 9.732138 9.068884 8.425341 7.802877 7.202942 6.627054 6.076809 5.553865 5.059929 4.596748 4.166092 3.769728 3.409399 3.086792 2.803509 2.561028 2.360680 2.203604 2.090721 2.022715 2.000000 2.022715 2.090721 2.203604 2.360680 2.561028 2.803509 3.086792 3.409399 3.769728 4.166092 4.596748 5.059929 5.553865 6.076809 6.627054 6.076809 5.553865 5.059929 4.596748 4.166092 3.769728 3.409399 3.086792 2.803509 2.561028 2.360680 2.203604 2.090721 2.022715 2.000000 2.022715 2.090721 2.203604 2.360680 2.561028 2.803509 3.086792 3.409399 3.769728 4.166092 4.596748 5.059929 5.553865 6.076809 6.627054 7.202942 7.802877 8.425341 9.068884 9.732138 10.413813)
(row 10.413813 9.698484 9.000000 8.319605 7.658634 7.018513 6.400757 5.806976 5.238859 4.698177 4.186773 3.706539 3.259407 2.847319 2.472204 2.135944 1.840330 1.587032 1.377558 1.213203 1.095022 1.023796 1.000000 1.023796 1.095022 1.213203 1.377558 1.587032 1.840330 2.135944 2.472204 2.847319 3.259407 3.706539 4.186773 4.698177 5.238859 5.806976 5.238859 4.698177 4.186773 3.706539 3.259407 2.847319 2.472204 2.135944 1.840330 1.587032 1.377558 1.213203 1.095022 1.023796 1.000000 1.023796 1.095022 1.213203 1.377558 1.587032 1.840330 2.135944 2.472204 2.847319 3.259407 3.706539 4.186773 4.698177 5.238859 5.806976 6.400757 7.018513 7.658634 8.319605 9.000000 9.698484)
(row 9.732138 9.000000 8.284271 7.586227 6.907248 6.248810 5.612497 5.000000 4.413111 3.853722 3.323807 2.825424 2.360680 1.931711 1.540659 1.189619 0.880613 0.615528 0.396078 0.223749 0.099751 0.024984 0.000000 0.024984 0.099751 0.223749 0.396078 0.615528 0.880613 1.189619 1.540659 1.931711 2.360680 2.825424 3.323807 3.853722 4.413111 5.000000 4.413111 3.853722 3.323807 2.825424 2.360680 1.931711 1.540659 1.189619 0.880613 0.615528 0.396078 0.223749 0.099751 0.024984 0.000000 0.024984 0.099751 0.223749 0.396078 0.615528 0.880613 1.189619 1.540659 1.931711 2.360680 2.825424 3.323807 3.853722 4.413111 5.000000 5.612497 6.248810 6.907248 7.586227 8.284271 9.000000)
(row 9.068884 8.319605 7.586227 6.870058 6.172504 5.495098 4.839485 4.207438 3.600847 3.021729 2.472204 1.954498 1.470911 1.023796 0.615528 0.248457 -0.075142 -0.353117 -0.583511 -0.764616 -0.895027 -0.973701 -1.000000 -0.973701 -0.895027 -0.764616 -0.583511 -0.353117 -0.075142 0.248457 0.615528 1.023796 1.470911 1.954498 2.472204 3.021729 3.600847 4.207438 3.600847 3.021729 2.472204 1.954498 1.470911 1.023796 0.615528 0.248457 -0.075142 -0.353117 -0.583511 -0.764616 -0.895027 -0.973701 -1.000000 -0.973701 -0.895027 -0.764616 -0.583511 -0.353117 -0.075142 0.248457 0.615528 1.023796 1.470911 1.954498 2.472204 3.021729 3.600847 4.207438 4.839485 5.495098 6.172504 6.870058 7.586227 8.319605)
(row 8.425341 7.658634 6.907248 6.172504 5.455845 4.758837 4.083189 3.430748 2.803509 2.203604 1.633308 1.095022 0.591259 0.124611 -0.302284 -0.686792 -1.026333 -1.318459 -1.560911 -1.751713 -1.889229 -1.972244 -2.000000 -1.972244 -1.889229 -1.751713 -1.560911 -1.318459 -1.026333 -0.686792 -0.302284 0.124611 0.591259 1.095022 1.633308 2.203604 2.803509 3.430748 2.803509 2.203604 1.633308 1.095022 0.591259 0.124611 -0.302284 -0.686792 -1.026333 -1.318459 -1.560911 -1.751713 -1.889229 -1.972244 -2.000000 -1.972244 -1.889229 -1.751713 -1.560911 -1.318459 -1.026333 -0.686792 -0.302284 0.124611 0.591259 1.095022 1.633308 2.203604 2.803509 3.430748 4.083189 4.758837 5.455845 6.172504 6.907248 7.658634)
(row 7.802877 7.018513 6.248810 5.495098 4.758837 4.041630 3.345236 2.671568 2.022715 1.400934 0.808653 0.248457 -0.276917 -0.764616 -1.211706 -1.615223 -1.972244 -2.279955 -2.535751 -2.737324 -2.882757 -2.970613 -3.000000 -2.970613 -2.882757 -2.737324 -2.535751 -2.279955 -1.972244 -1.615223 -1.211706 -0.764616 -0.276917 0.248457 0.808653 1.400934 2.022715 2.671568 2.022715 1.400934 0.808653 0.248457 -0.276917 -0.764616 -1.211706 -1.615223 -1.972244 -2.279955 -2.535751 -2.737324 -2.882757 -2.970613 -3.000000 -2.970613 -2.882757 -2.737324 -2.535751 -2.279955 -1.972244 -1.615223 -1.211706 -0.764616 -0.276917 0.248457 0.808653 1.400934 2.022715 2.671568 3.345236 4.041630 4.758837 5.495098 6.248810 7.018513)
(row 7.202942 6.400757 5.612497 4.839485 4.083189 3.345236 2.627417 1.931711 1.260292 0.615528 0.000000 -0.583511 -1.132038 -1.642441 -2.111456 -2.535751 -2.911993 -3.236946 -3.507578 -3.721180 -3.875484 -3.968781 -4.000000 -3.968781 -3.875484 -3.721180 -3.507578 -3.236946 -2.911993 -2.535751 -2.111456 -1.642441 -1.132038 -0.583511 0.000000 0.615528 1.260292 1.931711 1.260292 0.615528 0.000000 -0.583511 -1.132038 -1.642441 -2.111456 -2.535751 -2.911993 -3.236946 -3.507578 -3.721180 -3.875484 -3.968781 -4.000000 -3.968781 -3.875484 -3.721180 -3.507578 -3.236946 -2.911993 -2.535751 -2.111456 -1.642441 -1.132038 -0.583511 0.000000 0.615528 1.260292 1.931711 2.627417 3.345236 4.083189 4.839485 5.612497 6.400757)
(row 6.627054 5.806976 5.000000 4.207438 3.430748 2.671568 1.931711 1.213203 0.518284 -0.150566 -0.790627 -1.398926 -1.972244 -2.507145 -3.000000 -3.447056 -3.844505 -4.188612 -4.475825 -4.702942 -4.867254 -4.966703 -5.000000 -4.966703 -4.867254 -4.702942 -4.475825 -4.188612 -3.844505 -3.447056 -3.000000 -2.507145 -1.972244 -1.398926 -0.790627 -0.150566 0.518284 1.213203 0.518284 -0.150566 -0.790627 -1.398926 -1.972244 -2.507145 -3.000000 -3.447056 -3.844505 -4.188612 -4.475825 -4.702942 -4.867254 -4.966703 -5.000000 -4.966703 -4.867254 -4.702942 -4.475825 -4.188612 -3.844505 -3.447056 -3.000000 -2.507145 -1.972244 -1.398926 -0.790627 -0.150566 0.518284 1.213203 1.931711 2.671568 3.430748 4.207438 5.000000 5.806976)
(row 6.076809 5.238859 4.413111 3.600847 2.803509 2.022715 1.260292 0.518284 -0.201010 -0.895027 -1.560911 -2.195507 -2.795349 -3.356684 -3.875484 -4.347525 -4.768454 -5.133931 -5.439780 -5.682178 -5.857864 -5.964331 -6.000000 -5.964331 -5.857864 -5.682178 -5.439780 -5.133931 -4.768454 -4.347525 -3.875484 -3.356684 -2.795349 -2.195507 -1.560911 -0.895027 -0.201010 0.518284 -0.201010 -0.895027 -1.560911 -2.195507 -2.795349 -3.356684 -3.875484 -4.347525 -4.768454 -5.133931 -5.439780 -5.682178 -5.857864 -5.964331 -6.000000 -5.964331 -5.857864 -5.682178 -5.439780 -5.133931 -4.768454 -4.347525 -3.875484 -3.356684 -2.795349 -2.195507 -1.560911 -0.895027 -0.201010 0.518284 1.260292 2.022715 2.803509 3.600847 4.413111 5.238859)
(row 5.553865 4.698177 3.853722 3.021729 2.203604 1.400934 0.615528 -0.150566 -0.895027 -1.615223 -2.308193 -2.970613 -3.598782 -4.188612 -4.735662 -5.235177 -5.682178 -6.071611 -6.398529 -6.658337 -6.847054 -6.961596 -7.000000 -6.961596 -6.847054 -6.658337 -6.398529 -6.071611 -5.682178 -5.235177 -4.735662 -4.188612 -3.598782 -2.970613 -2.308193 -1.615223 -0.895027 -0.150566 -0.895027 -1.615223 -2.308193 -2.970613 -3.598782 -4.188612 -4.735662 -5.235177 -5.682178 -6.071611 -6.398529 -6.658337 -6.847054 -6.961596 -7.000000 -6.961596 -6.847054 -6.658337 -6.398529 -6.071611 -5.682178 -5.235177 -4.735662 -4.188612 -3.598782 -2.970613 -2.308193 -1.615223 -0.895027 -0.150566 0.615528 1.400934 2.203604 3.021729 3.853722 4.698177)
(row 5.059929 4.186773 3.323807 2.472204 1.633308 0.808653 0.000000 -0.790627 -1.560911 -2.308193 -3.029438 -3.721180 -4.379500 -5.000000 -5.577795 -6.107555 -6.583591 -7.000000 -7.350889 -7.630684 -7.834475 -7.958405 -8.000000 -7.958405 -7.834475 -7.630684 -7.350889 -7.000000 -6.583591 -6.107555 -5.577795 -5.000000 -4.379500 -3.721180 -3.029438 -2.308193 -1.560911 -0.790627 -1.560911 -2.308193 -3.029438 -3.721180 -4.379500 -5.000000 -5.577795 -6.107555 -6.583591 -7.000000 -7.350889 -7.630684 -7.834475 -7.958405 -8.000000 -7.958405 -7.834475 -7.630684 -7.350889 -7.000000 -6.583591 -6.107555 -5.577795 -5.000000 -4.379500 -3.721180 -3.029438 -2.308193 -1.560911 -0.790627 0.000000 0.808653 1.633308 2.472204 3.323807 4.186773)
(row 4.596748 3.706539 2.825424 1.954498 1.095022 0.248457 -0.583511 -1.398926 -2.195507 -2.970613 -3.721180 -4.443651 -5.133931 -5.787330 -6.398529 -6.961596 -7.470036 -7.916954 -8.295300 -8.598246 -8.819660 -8.954639 -9.000000 -8.954639 -8.819660 -8.598246 -8.295300 -7.916954 -7.470036 -6.961596 -6.398529 -5.787330 -5.133931 -4.443651 -3.721180 -2.970613 -2.195507 -1.398926 -2.195507 -2.970613 -3.721180 -4.443651 -5.133931 -5.787330 -6.398529 -6.961596 -7.470036 -7.916954 -8.295300 -8.598246 -8.819660 -8.954639 -9.000000 -8.954639 -8.819660 -8.598246 -8.295300 -7.916954 -7.470036 -6.961596 -6.398529 -5.787330 -5.133931 -4.443651 -3.721180 -2.970613 -2.195507 -1.398926 -0.583511 0.248457 1.095022 1.954498 2.825424 3.706539)
(row 4.166092 3.259407 2.360680 1.470911 0.591259 -0.276917 -1.132038 -1.972244 -2.795349 -3.598782 -4.379500 -5.133931 -5.857864 -6.546375 -7.193752 -7.793446 -8.338097 -8.819660 -9.229671 -9.559692 -9.801960 -9.950125 -10.000000 -9.950125 -9.801960 -9.559692 -9.229671 -8.819660 -8.338097 -7.793446 -7.193752 -6.546375 -5.857864 -5.133931 -4.379500 -3.598782 -2.795349 -1.972244 -2.795349 -3.598782 -4.379500 -5.133931 -5.857864 -6.546375 -7.193752 -7.793446 -8.338097 -8.819660 -9.229671 -9.559692 -9.801960 -9.950125 -10.000000 -9.950125 -9.801960 -9.559692 -9.229671 -8.819660 -8.338097 -7.793446 -7.193752 -6.546375 -5.857864 -5.133931 -4.379500 -3.598782 -2.795349 -1.972244 -1.132038 -0.276917 0.591259 1.470911 2.360680 3.259407)
(row 3.769728 2.847319 1.931711 1.023796 0.124611 -0.764616 -1.642441 -2.507145 -3.356684 -4.188612 -5.000000 -5.787330 -6.546375 -7.272078 -7.958405 -8.598246 -9.183346 -9.704370 -10.151142 -10.513166 -10.780457 -10.944614 -11.000000 -10.944614 -10.780457 -10.513166 -10.151142 -9.704370 -9.183346 -8.598246 -7.958405 -7.272078 -6.546375 -5.787330 -5.000000 -4.188612 -3.356684 -2.507145 -3.356684 -4.188612 -5.000000 -5.787330 -6.546375 -7.272078 -7.958405 -8.598246 -9.183346 -9.704370 -10.151142 -10.513166 -10.780457 -10.944614 -11.000000 -10.944614 -10.780457 -10.513166 -10.151142 -9.704370 -9.183346 -8.598246 -7.958405 -7.272078 -6.546375 -5.787330 -5.000000 -4.188612 -3.356684 -2.507145 -1.642441 -0.764616 0.124611 1.023796 1.931711 2.847319)
(row 3.409399 2.472204 1.540659 0.615528 -0.302284 -1.211706 -2.111456 -3.000000 -3.875484 -4.735662 -5.577795 -6.398529 -7.193752 -7.958405 -8.686291 -9.369854 -10.000000 -10.566019 -11.055729 -11.455997 -11.753788 -11.937742 -12.000000 -11.937742 -11.753788 -11.455997 -11.055729 -10.566019 -10.000000 -9.369854 -8.686291 -7.958405 -7.193752 -6.398529 -5.577795 -4.735662 -3.875484 -3.000000 -3.875484 -4.735662 -5.577795 -6.398529 -7.193752 -7.958405 -8.686291 -9.369854 -10.000000 -10.566019 -11.055729 -11.455997 -11.753788 -11.937742 -12.000000 -11.937742 -11.753788 -11.455997 -11.055729 -10.566019 -10.000000 -9.369854 -8.686291 -7.958405 -7.193752 -6.398529 -5.577795 -4.735662 -3.875484 -3.000000 -2.111456 -1.211706 -0.302284 0.615528 1.540659 2.472204)
(row 3.086792 2.135944 1.189619 0.248457 -0.686792 -1.615223 -2.535751 -3.447056 -4.347525 -5.235177 -6.107555 -6.961596 -7.793446 -8.598246 -9.369854 -10.100506 -10.780457 -11.397675 -11.937742 -12.384228 -12.719891 -12.928932 -13.000000 -12.928932 -12.719891 -12.384228 -11.937742 -11.397675 -10.780457 -10.100506 -9.369854 -8.598246 -7.793446 -6.961596 -6.107555 -5.235177 -4.347525 -3.447056 -4.347525 -5.235177 -6.107555 -6.961596 -7.793446 -8.598246 -9.369854 -10.100506 -10.780457 -11.397675 -11.937742 -12.384228 -12.719891 -12.928932 -13.000000 -12.928932 -12.719891 -12.384228 -11.937742 -11.397675 -10.780457 -10.100506 -9.369854 -8.598246 -7.793446 -6.961596 -6.107555 -5.235177 -4.347525 -3.447056 -2.535751 -1.615223 -0.686792 0.248457 1.189619 2.135944)
(row 2.803509 1.840330 0.880613 -0.075142 -1.026333 -1.972244 -2.911993 -3.844505 -4.768454 -5.682178 -6.583591 -7.470036 -8.338097 -9.183346 -10.000000 -10.780457 -11.514719 -12.189751 -12.788898 -13.291796 -13.675446 -13.917236 -14.000000 -13.917236 -13.675446 -13.291796 -12.788898 -12.189751 -11.514719 -10.780457 -10.000000 -9.183346 -8.338097 -7.470036 -6.583591 -5.682178 -4.768454 -3.844505 -4.768454 -5.682178 -6.583591 -7.470036 -8.338097 -9.183346 -10.000000 -10.780457 -11.514719 -12.189751 -12.788898 -13.291796 -13.675446 -13.917236 -14.000000 -13.917236 -13.675446 -13.291796 -12.788898 -12.189751 -11.514719 -10.780457 -10.000000 -9.183346 -8.338097 -7.470036 -6.583591 -5.682178 -4.768454 -3.844505 -2.911993 -1.972244 -1.026333 -0.075142 0.880613 1.840330)
(row 2.561028 1.587032 0.615528 -0.353117 -1.318459 -2.279955 -3.236946 -4.188612 -5.133931 -6.071611 -7.000000 -7.916954 -8.819660 -9.704370 -10.566019 -11.397675 -12.189751 -12.928932 -13.596876 -14.169048 -14.614836 -14.900980 -15.000000 -14.900980 -14.614836 -14.169048 -13.596876 -12.928932 -12.189751 -11.397675 -10.566019 -9.704370 -8.819660 -7.916954 -7.000000 -6.071611 -5.133931 -4.188612 -5.133931 -6.071611 -7.000000 -7.916954 -8.819660 -9.704370 -10.566019 -11.397675 -12.189751 -12.928932 -13.596876 -14.169048 -14.614836 -14.900980 -15.000000 -14.900980 -14.614836 -14.169048 -13.596876 -12.928932 -12.189751 -11.397675 -10.566019 -9.704370 -8.819660 -7.916954 -7.000000 -6.071611 -5.133931 -4.188612 -3.236946 -2.279955 -1.318459 -0.353117 0.615528 1.587032)
(row 2.360680 1.377558 0.396078 -0.583511 -1.560911 -2.535751 -3.507578 -4.475825 -5.439780 -6.398529 -7.350889 -8.295300 -9.229671 -10.151142 -11.055729 -11.937742 -12.788898 -13.596876 -14.343145 -15.000000 -15.527864 -15.876894 -16.000000 -15.876894 -15.527864 -15.000000 -14.343145 -13.596876 -12.788898 -11.937742 -11.055729 -10.151142 -9.229671 -8.295300 -7.350889 -6.398529 -5.439780 -4.475825 -5.439780 -6.398529 -7.350889 -8.295300 -9.229671 -10.151142 -11.055729 -11.937742 -12.788898 -13.596876 -14.343145 -15.000000 -15.527864 -15.876894 -16.000000 -15.876894 -15.527864 -15.000000 -14.343145 -13.596876 -12.788898 -11.937742 -11.055729 -10.151142 -9.229671 -8.295300 -7.350889 -6.398529 -5.439780 -4.475825 -3.507578 -2.535751 -1.560911 -0.583511 0.396078 1.377558)
(row 2.203604 1.213203 0.223749 -0.764616 -1.751713 -2.737324 -3.721180 -4.702942 -5.682178 -6.658337 -7.630684 -8.598246 -9.559692 -10.513166 -11.455997 -12.384228 -13.291796 -14.169048 -15.000000 -15.757359 -16.394449 -16.837723 -17.000000 -16.837723 -16.394449 -15.757359 -15.000000 -14.169048 -13.291796 -12.384228 -11.455997 -10.513166 -9.559692 -8.598246 -7.630684 -6.658337 -5.682178 -4.702942 -5.682178 -6.658337 -7.630684 -8.598246 -9.559692 -10.513166 -11.455997 -12.384228 -13.291796 -14.169048 -15.000000 -15.757359 -16.394449 -16.837723 -17.000000 -16.837723 -16.394449 -15.757359 -15.000000 -14.169048 -13.291796 -12.384228 -11.455997 -10.513166 -9.559692 -8.598246 -7.630684 -6.658337 -5.682178 -4.702942 -3.721180 -2.737324 -1.751713 -0.764616 0.223749 1.213203)
(row 2.090721 1.095022 0.099751 -0.895027 -1.889229 -2.882757 -3.875484 -4.867254 -5.857864 -6.847054 -7.834475 -8.819660 -9.801960 -10.780457 -11.753788 -12.719891 -13.675446 -14.614836 -15.527864 -16.394449 -17.171574 -17.763931 -18.000000 -17.763931 -17.171574 -16.394449 -15.527864 -14.614836 -13.675446 -12.719891 -11.753788 -10.780457 -9.801960 -8.819660 -7.834475 -6.847054 -5.857864 -4.867254 -5.857864 -6.847054 -7.834475 -8.819660 -9.801960 -10.780457 -11.753788 -12.719891 -13.675446 -14.614836 -15.527864 -16.394449 -17.171574 -17.763931 -18.000000 -17.763931 -17.171574 -16.394449 -15.527864 -14.614836 -13.675446 -12.719891 -11.753788 -10.780457 -9.801960 -8.819660 -7.834475 -6.847054 -5.857864 -4.867254 -3.875484 -2.882757 -1.889229 -0.895027 0.099751 1.095022)
(row 2.022715 1.023796 0.024984 -0.973701 -1.972244 -2.970613 -3.968781 -4.966703 -5.964331 -6.961596 -7.958405 -8.954639 -9.950125 -10.944614 -11.937742 -12.928932 -13.917236 -14.900980 -15.876894 -16.837723 -17.763931 -18.585787 -19.000000 -18.585787 -17.763931 -16.837723 -15.876894 -14.900980 -13.917236 -12.928932 -11.937742 -10.944614 -9.950125 -8.954639 -7.958405 -6.961596 -5.964331 -4.966703 -5.964331 -6.961596 -7.958405 -8.954639 -9.950125 -10.944614 -11.937742 -12.928932 -13.917236 -14.900980 -15.876894 -16.837723 -17.763931 -18.585787 -19.000000 -18.585787 -17.763931 -16.837723 -15.876894 -14.900980 -13.917236 -12.928932 -11.937742 -10.944614 -9.950125 -8.954639 -7.958405 -6.961596 -5.964331 -4.966703 -3.968781 -2.970613 -1.972244 -0.973701 0.024984 1.023796)
(row 2.000000 1.000000 0.000000 -1.000000 -2.000000 -3.000000 -4.000000 -5.000000 -6.000000 -7.000000 -8.000000 -9.000000 -10.000000 -11.000000 -12.000000 -13.000000 -14.000000 -15.000000 -16.000000 -17.000000 -18.000000 -19.000000 -20.000000 -19.000000 -18.000000 -17.000000 -16.000000 -15.000000 -14.000000 -13.000000 -12.000000 -11.000000 -10.000000 -9.000000 -8.000000 -7.000000 -6.000000 -5.000000 -6.000000 -7.000000 -8.000000 -9.000000 -10.000000 -11.000000 -12.000000 -13.000000 -14.000000 -15.000000 -16.000000 -17.000000 -18.000000 -19.000000 -20.000000 -19.000000 -18.000000 -17.000000 -16.000000 -15.000000 -14.000000 -13.000000 -12.000000 -11.000000 -10.000000 -9.000000 -8.000000 -7.000000 -6.000000 -5.000000 -4.000000 -3.000000 -2.000000 -1.000000 0.000000 1.000000)
(row 2.022715 1.023796 0.024984 -0.973701 -1.972244 -2.970613 -3.968781 -4.966703 -5.964331 -6.961596 -7.958405 -8.954639 -9.950125 -10.944614 -11.937742 -12.928932 -13.917236 -14.900980 -15.876894 -16.837723 -17.763931 -18.585787 -19.000000 -18.585787 -17.763931 -16.837723 -15.876894 -14.900980 -13.917236 -12.928932 -11.937742 -10.944614 -9.950125 -8.954639 -7.958405 -6.961596 -5.964331 -4.966703 -5.964331 -6.961596 -7.958405 -8.954639 -9.950125 -10.944614 -11.937742 -12.928932 -13.917236 -14.900980 -15.876894 -16.837723 -17.763931 -18.585787 -19.000000 -18.585787 -17.763931 -16.837723 -15.876894 -14.900980 -13.917236 -12.928932 -11.937742 -10.944614 -9.950125 -8.954639 -7.958405 -6.961596 -5.964331 -4.966703 -3.968781 -2.970613 -1.972244 -0.973701 0.024984 1.023796)
(row 2.090721 1.095022 0.099751 -0.895027 -1.889229 -2.882757 -3.875484 -4.867254 -5.857864 -6.847054 -7.834475 -8.819660 -9.801960 -10.780457 -11.753788 -12.719891 -13.675446 -14.614836 -15.527864 -16.394449 -17.171574 -17.763931 -18.000000 -17.763931 -17.171574 -16.394449 -15.527864 -14.614836 -13.675446 -12.719891 -11.753788 -10.780457 -9.801960 -8.819660 -7.834475 -6.847054 -5.857864 -4.867254 -5.857864 -6.847054 -7.834475 -8.819660 -9.801960 -10.780457 -11.753788 -12.719891 -13.675446 -14.614836 -15.527864 -16.394449 -17.171574 -17.763931 -18.000000 -17.763931 -17.171574 -16.394449 -15.527864 -14.614836 -13.675446 -12.719891 -11.753788 -10.780457 -9.801960 -8.819660 -7.834475 -6.847054 -5.857864 -4.867254 -3.875484 -2.882757 -1.889229 -0.895027 0.099751 1.095022)
(row 2.203604 1.213203 0.223749 -0.764616 -1.751713 -2.737324 -3.721180 -4.702942 -5.682178 -6.658337 -7.630684 -8.598246 -9.559692 -10.513166 -11.455997 -12.384228 -13.291796 -14.169048 -15.000000 -15.757359 -16.394449 -16.837723 -17.000000 -16.837723 -16.394449 -15.757359 -15.000000 -14.169048 -13.291796 -12.384228 -11.455997 -10.513166 -9.559692 -8.598246 -7.630684 -6.658337 -5.682178 -4.702942 -5.682178 -6.658337 -7.630684 -8.598246 -9.559692 -10.513166 -11.455997 -12.384228 -13.291796 -14.169048 -15.000000 -15.757359 -16.394449 -16.837723 -17.000000 -16.837723 -16.394449 -15.757359 -15.000000 -14.169048 -13.291796 -12.384228 -11.455997 -10.513166 -9.559692 -8.598246 -7.630684 -6.658337 -5.682178 -4.702942 -3.721180 -2.737324 -1.751713 -0.764616 0.223749 1.213203)
(row 2.360680 1.377558 0.396078 -0.583511 -1.560911 -2.535751 -3.507578 -4.475825 -5.439780 -6.398529 -7.350889 -8.295300 -9.229671 -10.151142 -11.055729 -11.937742 -12.788898 -13.596876 -14.343145 -15.000000 -15.527864 -15.876894 -16.000000 -15.876894 -15.527864 -15.000000 -14.343145 -13.596876 -12.788898 -11.937742 -11.055729 -10.151142 -9.229671 -8.295300 -7.350889 -6.398529 -5.439780 -4.475825 -5.439780 -6.398529 -7.350889 -8.295300 -9.229671 -10.151142 -11.055729 -11.937742 -12.788898 -13.596876 -14.343145 -15.000000 -15.527864 -15.876894 -16.000000 -15.876894 -15.527864 -15.000000 -14.343145 -13.596876 -12.788898 -11.937742 -11.055729 -10.151142 -9.229671 -8.295300 -7.350889 -6.398529 -5.439780 -4.475825 -3.507578 -2.535751 -1.560911 -0.583511 0.396078 1.377558)
(row 2.561028 1.587032 0.615528 -0.353117 -1.318459 -2.279955 -3.236946 -4.188612 -5.133931 -6.071611 -7.000000 -7.916954 -8.819660 -9.704370 -10.566019 -11.397675 -12.189751 -12.928932 -13.596876 -14.169048 -14.614836 -14.900980 -15.000000 -14.900980 -14.614836 -14.169048 -13.596876 -12.928932 -12.189751 -11.397675 -10.566019 -9.704370 -8.819660 -7.916954 -7.000000 -6.071611 -5.133931 -4.188612 -5.133931 -6.071611 -7.000000 -7.916954 -8.819660 -9.704370 -10.566019 -11.397675 -12.189751 -12.928932 -13.596876 -14.169048 -14.614836 -14.900980 -15.000000 -14.900980 -14.614836 -14.169048 -13.596876 -12.928932 -12.189751 -11.397675 -10.566019 -9.704370 -8.819660 -7.916954 -7.000000 -6.071611 -5.133931 -4.188612 -3.236946 -2.279955 -1.318459 -0.353117 0.615528 1.587032)
(row 2.803509 1.840330 0.880613 -0.075142 -1.026333 -1.972244 -2.911993 -3.844505 -4.768454 -5.682178 -6.583591 -7.470036 -8.338097 -9.183346 -10.000000 -10.780457 -11.514719 -12.189751 -12.788898 -13.291796 -13.675446 -13.917236 -14.000000 -13.917236 -13.675446 -13.291796 -12.788898 -12.189751 -11.514719 -10.780457 -10.000000 -9.183346 -8.338097 -7.470036 -6.583591 -5.682178 -4.768454 -3.844505 -4.768454 -5.682178 -6.583591 -7.470036 -8.338097 -9.183346 -10.000000 -10.780457 -11.514719 -12.189751 -12.788898 -13.291796 -13.675446 -13.917236 -14.000000 -13.917236 -13.675446 -13.291796 -12.788898 -12.189751 -11.514719 -10.780457 -10.000000 -9.183346 -8.338097 -7.470036 -6.583591 -5.682178 -4.768454 -3.844505 -2.911993 -1.972244 -1.026333 -0.075142 0.880613 1.840330)
(row 3.086792 2.135944 1.189619 0.248457 -0.686792 -1.615223 -2.535751 -3.447056 -4.347525 -5.235177 -6.107555 -6.961596 -7.793446 -8.598246 -9.369854 -10.100506 -10.780457 -11.397675 -11.937742 -12.384228 -12.719891 -12.928932 -13.000000 -12.928932 -12.719891 -12.384228 -11.937742 -11.397675 -10.780457 -10.100506 -9.369854 -8.598246 -7.793446 -6.961596 -6.107555 -5.235177 -4.347525 -3.447056 -4.347525 -5.235177 -6.107555 -6.961596 -7.793446 -8.598246 -9.369854 -10.100506 -10.780457 -11.397675 -11.937742 -12.384228 -12.719891 -12.928932 -13.000000 -12.928932 -12.719891 -12.384228 -11.937742 -11.397675 -10.780457 -10.100506 -9.369854 -8.598246 -7.793446 -6.961596 -6.107555 -5.235177 -4.347525 -3.447056 -2.535751 -1.615223 -0.686792 0.248457 1.189619 2.135944)
(row 3.409399 2.472204 1.540659 0.615528 -0.302284 -1.211706 -2.111456 -3.000000 -3.875484 -4.735662 -5.577795 -6.398529 -7.193752 -7.958405 -8.686291 -9.369854 -10.000000 -10.566019 -11.055729 -11.455997 -11.753788 -11.937742 -12.000000 -11.937742 -11.753788 -11.455997 -11.055729 -10.566019 -10.000000 -9.369854 -8.686291 -7.958405 -7.193752 -6.398529 -5.577795 -4.735662 -3.875484 -3.000000 -3.875484 -4.735662 -5.577795 -6.398529 -7.193752 -7.958405 -8.686291 -9.369854 -10.000000 -10.566019 -11.055729 -11.455997 -11.753788 -11.937742 -12.000000 -11.937742 -11.753788 -11.455997 -11.055729 -10.566019 -10.000000 -9.369854 -8.686291 -7.958405 -7.193752 -6.398529 -5.577795 -4.735662 -3.875484 -3.000000 -2.111456 -1.211706 -0.302284 0.615528 1.540659 2.472204)
(row 3.769728 2.847319 1.931711 1.023796 0.124611 -0.764616 -1.642441 -2.507145 -3.356684 -4.188612 -5.000000 -5.787330 -6.546375 -7.272078 -7.958405 -8.598246 -9.183346 -9.704370 -10.151142 -10.513166 -10.780457 -10.944614 -11.000000 -10.944614 -10.780457 -10.513166 -10.151142 -9.704370 -9.183346 -8.598246 -7.958405 -7.272078 -6.546375 -5.787330 -5.000000 -4.188612 -3.356684 -2.507145 -3.356684 -4.188612 -5.000000 -5.787330 -6.546375 -7.272078 -7.958405 -8.598246 -9.183346 -9.704370 -10.151142 -10.513166 -10.780457 -10.944614 -11.000000 -10.944614 -10.780457 -10.513166 -10.151142 -9.704370 -9.183346 -8.598246 -7.958405 -7.272078 -6.546375 -5.787330 -5.000000 -4.188612 -3.356684 -2.507145 -1.642441 -0.764616 0.124611 1.023796 1.931711 2.847319)
(row 4.166092 3.259407 2.360680 1.470911 0.591259 -0.276917 -1.132038 -1.972244 -2.795349 -3.598782 -4.379500 -5.133931 -5.857864 -6.546375 -7.193752 -7.793446 -8.338097 -8.819660 -9.229671 -9.559692 -9.801960 -9.950125 -10.000000 -9.950125 -9.801960 -9.559692 -9.229671 -8.819660 -8.338097 -7.793446 -7.193752 -6.546375 -5.857864 -5.133931 -4.379500 -3.598782 -2.795349 -1.972244 -2.795349 -3.598782 -4.379500 -5.133931 -5.857864 -6.546375 -7.193752 -7.793446 -8.338097 -8.819660 -9.229671 -9.559692 -9.801960 -9.950125 -10.000000 -9.950125 -9.801960 -9.559692 -9.229671 -8.819660 -8.338097 -7.793446 -7.193752 -6.546375 -5.857864 -5.133931 -4.379500 -3.598782 -2.795349 -1.972244 -1.132038 -0.276917 0.591259 1.470911 2.360680 3.259407)
(row 4.596748 3.706539 2.825424 1.954498 1.095022 0.248457 -0.583511 -1.398926 -2.195507 -2.970613 -3.721180 -4.443651 -5.133931 -5.787330 -6.398529 -6.961596 -7.470036 -7.916954 -8.295300 -8.598246 -8.819660 -8.954639 -9.000000 -8.954639 -8.819660 -8.598246 -8.295300 -7.916954 -7.470036 -6.961596 -6.398529 -5.787330 -5.133931 -4.443651 -3.721180 -2.970613 -2.195507 -1.398926 -2.195507 -2.970613 -3.721180 -4.443651 -5.133931 -5.787330 -6.398529 -6.961596 -7.470036 -7.916954 -8.295300 -8.598246 -8.819660 -8.954639 -9.000000 -8.954639 -8.819660 -8.598246 -8.295300 -7.916954 -7.470036 -6.961596 -6.398529 -5.787330 -5.133931 -4.443651 -3.721180 -2.970613 -2.195507 -1.398926 -0.583511 0.248457 1.095022 1.954498 2.825424 3.706539)
(row 5.059929 4.186773 3.323807 2.472204 1.633308 0.808653 0.000000 -0.790627 -1.560911 -2.308193 -3.029438 -3.721180 -4.379500 -5.000000 -5.577795 -6.107555 -6.583591 -7.000000 -7.350889 -7.630684 -7.834475 -7.958405 -8.000000 -7.958405 -7.834475 -7.630684 -7.350889 -7.000000 -6.583591 -6.107555 -5.577795 -5.000000 -4.379500 -3.721180 -3.029438 -2.308193 -1.560911 -0.790627 -1.560911 -2.308193 -3.029438 -3.721180 -4.379500 -5.000000 -5.577795 -6.107555 -6.583591 -7.000000 -7.350889 -7.630684 -7.834475 -7.958405 -8.000000 -7.958405 -7.834475 -7.630684 -7.350889 -7.000000 -6.583591 -6.107555 -5.577795 -5.000000 -4.379500 -3.721180 -3.029438 -2.308193 -1.560911 -0.790627 0.000000 0.808653 1.633308 2.472204 3.323807 4.186773)
(row 5.553865 4.698177 3.853722 3.021729 2.203604 1.400934 0.615528 -0.150566 -0.895027 -1.615223 -2.308193 -2.970613 -3.598782 -4.188612 -4.735662 -5.235177 -5.682178 -6.071611 -6.398529 -6.658337 -6.847054 -6.961596 -7.000000 -6.961596 -6.847054 -6.658337 -6.398529 -6.071611 -5.682178 -5.235177 -4.735662 -4.188612 -3.598782 -2.970613 -2.308193 -1.615223 -0.895027 -0.150566 -0.895027 -1.615223 -2.308193 -2.970613 -3.598782 -4.188612 -4.735662 -5.235177 -5.682178 -6.071611 -6.398529 -6.658337 -6.847054 -6.961596 -7.000000 -6.961596 -6.847054 -6.658337 -6.398529 -6.071611 -5.682178 -5.235177 -4.735662 -4.188612 -3.598782 -2.970613 -2.308193 -1.615223 -0.895027 -0.150566 0.615528 1.400934 2.203604 3.021729 3.853722 4.698177)
(row 6.076809 5.238859 4.413111 3.600847 2.803509 2.022715 1.260292 0.518284 -0.201010 -0.895027 -1.560911 -2.195507 -2.795349 -3.356684 -3.875484 -4.347525 -4.768454 -5.133931 -5.439780 -5.682178 -5.857864 -5.964331 -6.000000 -5.964331 -5.857864 -5.682178 -5.439780 -5.133931 -4.768454 -4.347525 -3.875484 -3.356684 -2.795349 -2.195507 -1.560911 -0.895027 -0.201010 0.518284 -0.201010 -0.895027 -1.560911 -2.195507 -2.795349 -3.356684 -3.875484 -4.347525 -4.768454 -5.133931 -5.439780 -5.682178 -5.857864 -5.964331 -6.000000 -5.964331 -5.857864 -5.682178 -5.439780 -5.133931 -4.768454 -4.347525 -3.875484 -3.356684 -2.795349 -2.195507 -1.560911 -0.895027 -0.201010 0.518284 1.260292 2.022715 2.803509 3.600847 4.413111 5.238859)
(row 6.627054 5.806976 5.000000 4.207438 3.430748 2.671568 1.931711 1.213203 0.518284 -0.150566 -0.790627 -1.398926 -1.972244 -2.507145 -3.000000 -3.447056 -3.844505 -4.188612 -4.475825 -4.702942 -4.867254 -4.966703 -5.000000 -4.966703 -4.867254 -4.702942 -4.475825 -4.188612 -3.844505 -3.447056 -3.000000 -2.507145 -1.972244 -1.398926 -0.790627 -0.150566 0.518284 1.213203 0.518284 -0.150566 -0.790627 -1.398926 -1.972244 -2.507145 -3.000000 -3.447056 -3.844505 -4.188612 -4.475825 -4.702942 -4.867254 -4.966703 -5.000000 -4.966703 -4.867254 -4.702942 -4.475825 -4.188612 -3.844505 -3.447056 -3.000000 -2.507145 -1.972244 -1.398926 -0.790627 -0.150566 0.518284 1.213203 1.931711 2.671568 3.430748 4.207438 5.000000 5.806976)
(row 7.202942 6.400757 5.612497 4.839485 4.083189 3.345236 2.627417 1.931711 1.260292 0.615528 0.000000 -0.583511 -1.132038 -1.642441 -2.111456 -2.535751 -2.911993 -3.236946 -3.507578 -3.721180 -3.875484 -3.968781 -4.000000 -3.968781 -3.875484 -3.721180 -3.507578 -3.236946 -2.911993 -2.535751 -2.111456 -1.642441 -1.132038 -0.583511 0.000000 0.615528 1.260292 1.931711 1.260292 0.615528 0.000000 -0.583511 -1.132038 -1.642441 -2.111456 -2.535751 -2.911993 -3.236946 -3.507578 -3.721180 -3.875484 -3.968781 -4.000000 -3.968781 -3.875484 -3.721180 -3.507578 -3.236946 -2.911993 -2.535751 -2.111456 -1.642441 -1.132038 -0.583511 0.000000 0.615528 1.260292 1.931711 2.627417 3.345236 4.083189 4.839485 5.612497 6.400757)
(row 7.802877 7.018513 6.248810 5.495098 4.758837 4.041630 3.345236 2.671568 2.022715 1.400934 0.808653 0.248457 -0.276917 -0.764616 -1.211706 -1.615223 -1.972244 -2.279955 -2.535751 -2.737324 -2.882757 -2.970613 -3.000000 -2.970613 -2.882757 -2.737324 -2.535751 -2.279955 -1.972244 -1.615223 -1.211706 -0.764616 -0.276917 0.248457 0.808653 1.400934 2.022715 2.671568 2.022715 1.400934 0.808653 0.248457 -0.276917 -0.764616 -1.211706 -1.615223 -1.972244 -2.279955 -2.535751 -2.737324 -2.882757 -2.970613 -3.000000 -2.970613 -2.882757 -2.737324 -2.535751 -2.279955 -1.972244 -1.615223 -1.211706 -0.764616 -0.276917 0.248457 0.808653 1.400934 2.022715 2.671568 3.345236 4.041630 4.758837 5.495098 6.248810 7.018513)
(row 8.425341 7.658634 6.907248 6.172504 5.455845 4.758837 4.083189 3.430748 2.803509 2.203604 1.633308 1.095022 0.591259 0.124611 -0.302284 -0.686792 -1.026333 -1.318459 -1.560911 -1.751713 -1.889229 -1.972244 -2.000000 -1.972244 -1.889229 -1.751713 -1.560911 -1.318459 -1.026333 -0.686792 -0.302284 0.124611 0.591259 1.095022 1.633308 2.203604 2.803509 3.430748 2.803509 2.203604 1.633308 1.095022 0.591259 0.124611 -0.302284 -0.686792 -1.026333 -1.318459 -1.560911 -1.751713 -1.889229 -1.972244 -2.000000 -1.972244 -1.889229 -1.751713 -1.560911 -1.318459 -1.026333 -0.686792 -0.302284 0.124611 0.591259 1.095022 1.633308 2.203604 2.803509 3.430748 4.083189 4.758837 5.455845 6.172504 6.907248 7.658634)
(row 9.068884 8.319605 7.586227 6.870058 6.172504 5.495098 4.839485 4.207438 3.600847 3.021729 2.472204 1.954498 1.470911 1.023796 0.615528 0.248457 -0.075142 -0.353117 -0.583511 -0.764616 -0.895027 -0.973701 -1.000000 -0.973701 -0.895027 -0.764616 -0.583511 -0.353117 -0.075142 0.248457 0.615528 1.023796 1.470911 1.954498 2.472204 3.021729 3.600847 4.207438 3.600847 3.021729 2.472204 1.954498 1.470911 1.023796 0.615528 0.248457 -0.075142 -0.353117 -0.583511 -0.764616 -0.895027 -0.973701 -1.000000 -0.973701 -0.895027 -0.764616 -0.583511 -0.353117 -0.075142 0.248457 0.615528 1.023796 1.470911 1.954498 2.472204 3.021729 3.600847 4.207438 4.839485 5.495098 6.172504 6.870058 7.586227 8.319605)
(row 9.732138 9.000000 8.284271 7.586227 6.907248 6.248810 5.612497 5.000000 4.413111 3.853722 3.323807 2.825424 2.360680 1.931711 1.540659 1.189619 0.880613 0.615528 0.396078 0.223749 0.099751 0.024984 0.000000 0.024984 0.099751 0.223749 0.396078 0.615528 0.880613 1.189619 1.540659 1.931711 2.360680 2.825424 3.323807 3.853722 4.413111 5.000000 4.413111 3.853722 3.323807 2.825424 2.360680 1.931711 1.540659 1.189619 0.880613 0.615528 0.396078 0.223749 0.099751 0.024984 0.000000 0.024984 0.099751 0.223749 0.396078 0.615528 0.880613 1.189619 1.540659 1.931711 2.360680 2.825424 3.323807 3.853722 4.413111 5.000000 5.612497 6.248810 6.907248 7.586227 8.284271 9.000000)
(row 10.413813 9.698484 9.000000 8.319605 7.658634 7.018513 6.400757 5.806976 5.238859 4.698177 4.186773 3.706539 3.259407 2.847319 2.472204 2.135944 1.840330 1.587032 1.377558 1.213203 1.095022 1.023796 1.000000 1.023796 1.095022 1.213203 1.377558 1.587032 1.840330 2.135944 2.472204 2.847319 3.259407 3.706539 4.186773 4.698177 5.238859 5.806976 5.238859 4.698177 4.186773 3.706539 3.259407 2.847319 2.472204 2.135944 1.840330 1.587032 1.377558 1.213203 1.095022 1.023796 1.000000 1.023796 1.095022 1.213203 1.377558 1.587032 1.840330 2.135944 2.472204 2.847319 3.259407 3.706539 4.186773 4.698177 5.238859 5.806976 6.400757 7.018513 7.658634 8.319605 9.000000 9.698484)
