(size 24 24)
(row 6.970562 6.278820 5.620500 5.000000 4.422205 3.892444 3.416408 3.000000 2.649111 2.369317 2.165525 2.041595 2.000000 2.041595 2.165525 2.369317 2.649111 3.000000 3.416408 3.892444 4.422205 5.000000 5.620500 6.278820)
(row 6.278820 5.556349 4.866069 4.212670 3.601471 3.038404 2.529964 2.083046 1.704700 1.401754 1.180340 1.045361 1.000000 1.045361 1.180340 1.401754 1.704700 2.083046 2.529964 3.038404 3.601471 4.212670 4.866069 5.556349)
(row 5.620500 4.866069 4.142136 3.453624 2.806249 2.206555 1.661903 1.180340 0.770329 0.440307 0.198039 0.049875 0.000000 0.049875 0.198039 0.440307 0.770329 1.180340 1.661903 2.206555 2.806249 3.453624 4.142136 4.866069)
(row 5.000000 4.212670 3.453624 2.727922 2.041595 1.401754 0.816654 0.295630 -0.151142 -0.513166 -0.780456 -0.944614 -1.000000 -0.944614 -0.780456 -0.513166 -0.151142 0.295630 0.816654 1.401754 2.041595 2.727922 3.453624 4.212670)
(row 4.422205 3.601471 2.806249 2.041595 1.313708 0.630146 0.000000 -0.566019 -1.055728 -1.455997 -1.753789 -1.937742 -2.000000 -1.937742 -1.753789 -1.455997 -1.055728 -0.566019 0.000000 0.630146 1.313708 2.041595 2.806249 3.601471)
(row 3.892444 3.038404 2.206555 1.401754 0.630146 -0.100505 -0.780456 -1.397675 -1.937742 -2.384227 -2.719890 -2.928932 -3.000000 -2.928932 -2.719890 -2.384227 -1.937742 -1.397675 -0.780456 -0.100505 0.630146 1.401754 2.206555 3.038404)
(row 3.416408 2.529964 1.661903 0.816654 0.000000 -0.780456 -1.514719 -2.189750 -2.788898 -3.291796 -3.675445 -3.917237 -4.000000 -3.917237 -3.675445 -3.291796 -2.788898 -2.189750 -1.514719 -0.780456 0.000000 0.816654 1.661903 2.529964)
(row 3.000000 2.083046 1.180340 0.295630 -0.566019 -1.397675 -2.189750 -2.928932 -3.596876 -4.169048 -4.614835 -4.900980 -5.000000 -4.900980 -4.614835 -4.169048 -3.596876 -2.928932 -2.189750 -1.397675 -0.566019 0.295630 1.180340 2.083046)
(row 2.649111 1.704700 0.770329 -0.151142 -1.055728 -1.937742 -2.788898 -3.596876 -4.343146 -5.000000 -5.527864 -5.876894 -6.000000 -5.876894 -5.527864 -5.000000 -4.343146 -3.596876 -2.788898 -1.937742 -1.055728 -0.151142 0.770329 1.704700)
(row 2.369317 1.401754 0.440307 -0.513166 -1.455997 -2.384227 -3.291796 -4.169048 -5.000000 -5.757360 -6.394449 -6.837722 -7.000000 -6.837722 -6.394449 -5.757360 -5.000000 -4.169048 -3.291796 -2.384227 -1.455997 -0.513166 0.440307 1.401754)
(row 2.165525 1.180340 0.198039 -0.780456 -1.753789 -2.719890 -3.675445 -4.614835 -5.527864 -6.394449 -7.171573 -7.763932 -8.000000 -7.763932 -7.171573 -6.394449 -5.527864 -4.614835 -3.675445 -2.719890 -1.753789 -0.780456 0.198039 1.180340)
(row 2.041595 1.045361 0.049875 -0.944614 -1.937742 -2.928932 -3.917237 -4.900980 -5.876894 -6.837722 -7.763932 -8.585787 -9.000000 -8.585787 -7.763932 -6.837722 -5.876894 -4.900980 -3.917237 -2.928932 -1.937742 -0.944614 0.049875 1.045361)
(row 2.000000 1.000000 0.000000 -1.000000 -2.000000 -3.000000 -4.000000 -5.000000 -6.000000 -7.000000 -8.000000 -9.000000 -10.000000 -9.000000 -8.000000 -7.000000 -6.000000 -5.000000 -4.000000 -3.000000 -2.000000 -1.000000 0.000000 1.000000)
(row 2.041595 1.045361 0.049875 -0.944614 -1.937742 -2.928932 -3.917237 -4.900980 -5.876894 -6.837722 -7.763932 -8.585787 -9.000000 -8.585787 -7.763932 -6.837722 -5.876894 -4.900980 -3.917237 -2.928932 -1.937742 -0.944614 0.049875 1.045361)
(row 2.165525 1.180340 0.198039 -0.780456 -1.753789 -2.719890 -3.675445 -4.614835 -5.527864 -6.394449 -7.171573 -7.763932 -8.000000 -7.763932 -7.171573 -6.394449 -5.527864 -4.614835 -3.675445 -2.719890 -1.753789 -0.780456 0.198039 1.180340)
(row 2.369317 1.401754 0.440307 -0.513166 -1.455997 -2.384227 -3.291796 -4.169048 -5.000000 -5.757360 -6.394449 -6.837722 -7.000000 -6.837722 -6.394449 -5.757360 -5.000000 -4.169048 -3.291796 -2.384227 -1.455997 -0.513166 0.440307 1.401754)
(row 2.649111 1.704700 0.770329 -0.151142 -1.055728 -1.937742 -2.788898 -3.596876 -4.343146 -5.000000 -5.527864 -5.876894 -6.000000 -5.876894 -5.527864 -5.000000 -4.343146 -3.596876 -2.788898 -1.937742 -1.055728 -0.151142 0.770329 1.704700)
(row 3.000000 2.083046 1.180340 0.295630 -0.566019 -1.397675 -2.189750 -2.928932 -3.596876 -4.169048 -4.614835 -4.900980 -5.000000 -4.900980 -4.614835 -4.169048 -3.596876 -2.928932 -2.189750 -1.397675 -0.566019 0.295630 1.180340 2.083046)
(row 3.416408 2.529964 1.661903 0.816654 0.000000 -0.780456 -1.514719 -2.189750 -2.788898 -3.291796 -3.675445 -3.917237 -4.000000 -3.917237 -3.675445 -3.291796 -2.788898 -2.189750 -1.514719 -0.780456 0.000000 0.816654 1.661903 2.529964)
(row 3.892444 3.038404 2.206555 1.401754 0.630146 -0.100505 -0.780456 -1.397675 -1.937742 -2.384227 -2.719890 -2.928932 -3.000000 -2.928932 -2.719890 -2.384227 -1.937742 -1.397675 -0.780456 -0.100505 0.630146 1.401754 2.206555 3.038404)
(row 4.422205 3.601471 2.806249 2.041595 1.313708 0.630146 0.000000 -0.566019 -1.055728 -1.455997 -1.753789 -1.937742 -2.000000 -1.937742 -1.753789 -1.455997 -1.055728 -0.566019 0.000000 0.630146 1.313708 2.041595 2.806249 3.601471)
(row 5.000000 4.212670 3.453624 2.727922 2.041595 1.401754 0.816654 0.295630 -0.151142 -0.513166 -0.780456 -0.944614 -1.000000 -0.944614 -0.780456 -0.513166 -0.151142 0.295630 0.816654 1.401754 2.041595 2.727922 3.453624 4.212670)
(row 5.620500 4.866069 4.142136 3.453624 2.806249 2.206555 1.661903 1.180340 0.770329 0.440307 0.198039 0.049875 0.000000 0.049875 0.198039 0.440307 0.770329 1.180340 1.661903 2.206555 2.806249 3.453624 4.142136 4.866069)
(row 6.278820 5.556349 4.866069 4.212670 3.601471 3.038404 2.529964 2.083046 1.704700 1.401754 1.180340 1.045361 1.000000 1.045361 1.180340 1.401754 1.704700 2.083046 2.529964 3.038404 3.601471 4.212670 4.866069 5.556349)
