(size 102 102)
(row 22.124893 21.421288 20.724815 20.035706 19.354164 18.680420 18.014702 17.357254 16.708321 16.068146 15.436996 14.815125 14.202805 13.600315 13.007935 12.425957 11.854668 11.294373 10.745369 10.207973 9.682495 9.169250 8.668560 8.180752 7.706150 7.245087 6.797886 6.364883 5.946404 5.542774 5.154327 4.781384 4.424259 4.083267 3.758720 3.450912 3.160133 2.886669 2.630787 2.392746 2.172791 1.971146 1.788029 1.623638 1.478149 1.351730 1.244511 1.156624 1.088158 1.039200 1.009804 1.000000 1.009804 1.039200 1.088158 1.156624 1.244511 1.351730 1.478149 1.623638 1.788029 1.971146 2.172791 2.392746 2.630787 2.886669 3.160133 3.450912 3.758720 4.083267 4.424259 4.781384 5.154327 5.542774 5.946404 6.364883 6.797886 7.245087 7.706150 8.180752 8.668560 9.169250 9.682495 10.207973 10.745369 11.294373 11.854668 12.425957 13.007935 13.600315 14.202805 14.815125 15.436996 16.068146 16.708321 17.357254 18.014702 18.680420 19.354164 20.035706 20.724815 21.421288)
(row 21.421288 20.710678 20.007141 19.310890 18.622154 17.941147 17.268120 16.603302 15.946945 15.299309 14.660652 14.031242 13.411354 12.801273 12.201286 11.611687 11.032776 10.464867 9.908264 9.363289 8.830265 8.309517 7.801384 7.306194 6.824291 6.356010 5.901699 5.461697 5.036350 4.625999 4.230988 3.851646 3.488316 3.141319 2.810986 2.497620 2.201530 1.923019 1.662365 1.419842 1.195702 0.990196 0.803543 0.635956 0.487621 0.358711 0.249378 0.159744 0.089920 0.039986 0.009998 0.000000 0.009998 0.039986 0.089920 0.159744 0.249378 0.358711 0.487621 0.635956 0.803543 0.990196 1.195702 1.419842 1.662365 1.923019 2.201530 2.497620 2.810986 3.141319 3.488316 3.851646 4.230988 4.625999 5.036350 5.461697 5.901699 6.356010 6.824291 7.306194 7.801384 8.309517 8.830265 9.363289 9.908264 10.464867 11.032776 11.611687 12.201286 12.801273 13.411354 14.031242 14.660652 15.299309 15.946945 16.603302 17.268120 17.941147 18.622154 19.310890 20.007141 20.710678)
(row 20.724815 20.007141 19.296463 18.593002 17.896980 17.208633 16.528191 15.855904 15.192024 14.536812 13.890533 13.253460 12.625874 12.008064 11.400326 10.802959 10.216278 9.640591 9.076221 8.523499 7.982754 7.454330 6.938564 6.435802 5.946404 5.470715 5.009090 4.561890 4.129475 3.712196 3.310413 2.924477 2.554733 2.201530 1.865211 1.546097 1.244511 0.960770 0.695168 0.447994 0.219517 0.009998 -0.180325 -0.351234 -0.502525 -0.634018 -0.745560 -0.837006 -0.908249 -0.959202 -0.989796 -1.000000 -0.989796 -0.959202 -0.908249 -0.837006 -0.745560 -0.634018 -0.502525 -0.351234 -0.180325 0.009998 0.219517 0.447994 0.695168 0.960770 1.244511 1.546097 1.865211 2.201530 2.554733 2.924477 3.310413 3.712196 4.129475 4.561890 5.009090 5.470715 5.946404 6.435802 6.938564 7.454330 7.982754 8.523499 9.076221 9.640591 10.216278 10.802959 11.400326 12.008064 12.625874 13.253460 13.890533 14.536812 15.192024 15.855904 16.528191 17.208633 17.896980 18.593002 19.296463 20.007141)
(row 20.035706 19.310890 18.593002 17.882248 17.178864 16.483078 15.795135 15.115280 14.443771 13.780872 13.126858 12.481998 11.846584 11.220913 10.605282 10.000000 9.405388 8.821766 8.249462 7.688820 7.140179 6.603886 6.080299 5.569775 5.072678 4.589378 4.120235 3.665630 3.225933 2.801514 2.392746 2.000000 1.623638 1.264023 0.921509 0.596443 0.289162 0.000000 -0.270733 -0.522732 -0.755711 -0.969398 -1.163540 -1.337898 -1.492268 -1.626453 -1.740284 -1.833622 -1.906342 -1.958351 -1.989586 -2.000000 -1.989586 -1.958351 -1.906342 -1.833622 -1.740284 -1.626453 -1.492268 -1.337898 -1.163540 -0.969398 -0.755711 -0.522732 -0.270733 0.000000 0.289162 0.596443 0.921509 1.264023 1.623638 2.000000 2.392746 2.801514 3.225933 3.665630 4.120235 4.589378 5.072678 5.569775 6.080299 6.603886 7.140179 7.688820 8.249462 8.821766 9.405388 10.000000 10.605282 11.220913 11.846584 12.481998 13.126858 13.780872 14.443771 15.115280 15.795135 16.483078 17.178864 17.882248 18.593002 19.310890)
(row 19.354164 18.622154 17.896980 17.178864 16.468040 15.764732 15.069191 14.381676 13.702435 13.031738 12.369865 11.717094 11.073727 10.440052 9.816383 9.203041 8.600342 8.008621 7.428215 6.859474 6.302753 5.758408 5.226803 4.708317 4.203320 3.712196 3.235325 2.773098 2.325901 1.894123 1.478149 1.078373 0.695168 0.328918 -0.020004 -0.351234 -0.664413 -0.959202 -1.235260 -1.492268 -1.729927 -1.947945 -2.146057 -2.324009 -2.481583 -2.618568 -2.734791 -2.830093 -2.904354 -2.957466 -2.989365 -3.000000 -2.989365 -2.957466 -2.904354 -2.830093 -2.734791 -2.618568 -2.481583 -2.324009 -2.146057 -1.947945 -1.729927 -1.492268 -1.235260 -0.959202 -0.664413 -0.351234 -0.020004 0.328918 0.695168 1.078373 1.478149 1.894123 2.325901 2.773098 3.235325 3.712196 4.203320 4.708317 5.226803 5.758408 6.302753 6.859474 7.428215 8.008621 8.600342 9.203041 9.816383 10.440052 11.073727 11.717094 12.369865 13.031738 13.702435 14.381676 15.069191 15.764732 16.468040 17.178864 17.896980 18.622154)
(row 18.680420 17.941147 17.208633 16.483078 15.764732 15.053825 14.350601 13.655323 12.968246 12.289646 11.619801 10.959003 10.307545 9.665737 9.033890 8.412327 7.801384 7.201397 6.612720 6.035702 5.470715 4.918121 4.378304 3.851646 3.338543 2.839378 2.354561 1.884487 1.429562 0.990196 0.566788 0.159744 -0.230530 -0.603645 -0.959202 -1.296818 -1.616119 -1.916740 -2.198326 -2.460545 -2.703064 -2.925591 -3.127834 -3.309528 -3.470440 -3.610348 -3.729057 -3.826416 -3.902279 -3.956543 -3.989132 -4.000000 -3.989132 -3.956543 -3.902279 -3.826416 -3.729057 -3.610348 -3.470440 -3.309528 -3.127834 -2.925591 -2.703064 -2.460545 -2.198326 -1.916740 -1.616119 -1.296818 -0.959202 -0.603645 -0.230530 0.159744 0.566788 0.990196 1.429562 1.884487 2.354561 2.839378 3.338543 3.851646 4.378304 4.918121 5.470715 6.035702 6.612720 7.201397 7.801384 8.412327 9.033890 9.665737 10.307545 10.959003 11.619801 12.289646 12.968246 13.655323 14.350601 15.053825 15.764732 16.483078 17.208633 17.941147)
(row 18.014702 17.268120 16.528191 15.795135 15.069191 14.350601 13.639610 12.936474 12.241467 11.554852 10.876926 10.207973 9.548298 8.898216 8.258045 7.628117 7.008770 6.400352 5.803226 5.217751 4.644306 4.083267 3.535034 3.000000 2.478569 1.971146 1.478149 1.000000 0.537117 0.089920 -0.341164 -0.755711 -1.153301 -1.533516 -1.895947 -2.240185 -2.565834 -2.872513 -3.159847 -3.427475 -3.675060 -3.902279 -4.108826 -4.294422 -4.458809 -4.601761 -4.723076 -4.822571 -4.900112 -4.955578 -4.988892 -5.000000 -4.988892 -4.955578 -4.900112 -4.822571 -4.723076 -4.601761 -4.458809 -4.294422 -4.108826 -3.902279 -3.675060 -3.427475 -3.159847 -2.872513 -2.565834 -2.240185 -1.895947 -1.533516 -1.153301 -0.755711 -0.341164 0.089920 0.537117 1.000000 1.478149 1.971146 2.478569 3.000000 3.535034 4.083267 4.644306 5.217751 5.803226 6.400352 7.008770 7.628117 8.258045 8.898216 9.548298 10.207973 10.876926 11.554852 12.241467 12.936474 13.639610 14.350601 15.069191 15.795135 16.528191 17.268120)
(row 17.357254 16.603302 15.855904 15.115280 14.381676 13.655323 12.936474 12.225395 11.522354 10.827625 10.141499 9.464275 8.796257 8.137768 7.489128 6.850681 6.222771 5.605755 5.000000 4.405884 3.823788 3.254108 2.697247 2.153618 1.623638 1.107731 0.606323 0.119858 -0.351234 -0.806503 -1.245514 -1.667816 -2.072971 -2.460545 -2.830093 -3.181202 -3.513443 -3.826416 -4.119720 -4.392982 -4.645840 -4.877945 -5.088978 -5.278641 -5.446659 -5.592793 -5.716820 -5.818558 -5.897846 -5.954571 -5.988640 -6.000000 -5.988640 -5.954571 -5.897846 -5.818558 -5.716820 -5.592793 -5.446659 -5.278641 -5.088978 -4.877945 -4.645840 -4.392982 -4.119720 -3.826416 -3.513443 -3.181202 -2.830093 -2.460545 -2.072971 -1.667816 -1.245514 -0.806503 -0.351234 0.119858 0.606323 1.107731 1.623638 2.153618 2.697247 3.254108 3.823788 4.405884 5.000000 5.605755 6.222771 6.850681 7.489128 8.137768 8.796257 9.464275 10.141499 10.827625 11.522354 12.225395 12.936474 13.655323 14.381676 15.115280 15.855904 16.603302)
(row 16.708321 15.946945 15.192024 14.443771 13.702435 12.968246 12.241467 11.522354 10.811184 10.108234 9.413803 8.728188 8.051701 7.384666 6.727417 6.080299 5.443665 4.817879 4.203320 3.600372 3.009434 2.430908 1.865211 1.312767 0.774010 0.249378 -0.260681 -0.755711 -1.235260 -1.698860 -2.146057 -2.576378 -2.989365 -3.384552 -3.761490 -4.119720 -4.458809 -4.778324 -5.077847 -5.356972 -5.615318 -5.852520 -6.068233 -6.262146 -6.433960 -6.583412 -6.710278 -6.814354 -6.895477 -6.953514 -6.988373 -7.000000 -6.988373 -6.953514 -6.895477 -6.814354 -6.710278 -6.583412 -6.433960 -6.262146 -6.068233 -5.852520 -5.615318 -5.356972 -5.077847 -4.778324 -4.458809 -4.119720 -3.761490 -3.384552 -2.989365 -2.576378 -2.146057 -1.698860 -1.235260 -0.755711 -0.260681 0.249378 0.774010 1.312767 1.865211 2.430908 3.009434 3.600372 4.203320 4.817879 5.443665 6.080299 6.727417 7.384666 8.051701 8.728188 9.413803 10.108234 10.811184 11.522354 12.241467 12.968246 13.702435 14.443771 15.192024 15.946945)
(row 16.068146 15.299309 14.536812 13.780872 13.031738 12.289646 11.554852 10.827625 10.108234 9.396969 8.694122 8.000000 7.314919 6.639210 5.973209 5.317268 4.671749 4.037025 3.413483 2.801514 2.201530 1.613953 1.039200 0.477718 -0.070049 -0.603645 -1.122604 -1.626453 -2.114719 -2.586922 -3.042572 -3.481186 -3.902279 -4.305363 -4.689957 -5.055592 -5.401794 -5.728111 -6.034103 -6.319340 -6.583412 -6.825935 -7.046535 -7.244884 -7.420662 -7.573593 -7.703426 -7.809956 -7.892994 -7.952408 -7.988098 -8.000000 -7.988098 -7.952408 -7.892994 -7.809956 -7.703426 -7.573593 -7.420662 -7.244884 -7.046535 -6.825935 -6.583412 -6.319340 -6.034103 -5.728111 -5.401794 -5.055592 -4.689957 -4.305363 -3.902279 -3.481186 -3.042572 -2.586922 -2.114719 -1.626453 -1.122604 -0.603645 -0.070049 0.477718 1.039200 1.613953 2.201530 2.801514 3.413483 4.037025 4.671749 5.317268 5.973209 6.639210 7.314919 8.000000 8.694122 9.396969 10.108234 10.827625 11.554852 12.289646 13.031738 13.780872 14.536812 15.299309)
(row 15.436996 14.660652 13.890533 13.126858 12.369865 11.619801 10.876926 10.141499 9.413803 8.694122 7.982754 7.280014 6.586216 5.901699 5.226803 4.561890 3.907330 3.263496 2.630787 2.009613 1.400391 0.803543 0.219517 -0.351234 -0.908249 -1.451057 -1.979172 -2.492107 -2.989365 -3.470440 -3.934830 -4.382023 -4.811504 -5.222775 -5.615318 -5.988640 -6.342239 -6.675644 -6.988373 -7.279980 -7.550030 -7.798103 -8.023815 -8.226803 -8.406731 -8.563301 -8.696247 -8.805340 -8.890392 -8.951248 -8.987808 -9.000000 -8.987808 -8.951248 -8.890392 -8.805340 -8.696247 -8.563301 -8.406731 -8.226803 -8.023815 -7.798103 -7.550030 -7.279980 -6.988373 -6.675644 -6.342239 -5.988640 -5.615318 -5.222775 -4.811504 -4.382023 -3.934830 -3.470440 -2.989365 -2.492107 -1.979172 -1.451057 -0.908249 -0.351234 0.219517 0.803543 1.400391 2.009613 2.630787 3.263496 3.907330 4.561890 5.226803 5.901699 6.586216 7.280014 7.982754 8.694122 9.413803 10.141499 10.876926 11.619801 12.369865 13.126858 13.890533 14.660652)
(row 14.815125 14.031242 13.253460 12.481998 11.717094 10.959003 10.207973 9.464275 8.728188 8.000000 7.280014 6.568542 5.865910 5.172455 4.488529 3.814495 3.150730 2.497620 1.855568 1.224995 0.606323 0.000000 -0.593521 -1.173779 -1.740284 -2.292557 -2.830093 -3.352386 -3.858913 -4.349152 -4.822571 -5.278641 -5.716820 -6.136578 -6.537373 -6.918682 -7.279980 -7.620762 -7.940517 -8.238773 -8.515064 -8.768944 -9.000000 -9.207844 -9.392120 -9.552502 -9.688713 -9.800499 -9.887657 -9.950031 -9.987503 -10.000000 -9.987503 -9.950031 -9.887657 -9.800499 -9.688713 -9.552502 -9.392120 -9.207844 -9.000000 -8.768944 -8.515064 -8.238773 -7.940517 -7.620762 -7.279980 -6.918682 -6.537373 -6.136578 -5.716820 -5.278641 -4.822571 -4.349152 -3.858913 -3.352386 -2.830093 -2.292557 -1.740284 -1.173779 -0.593521 0.000000 0.606323 1.224995 1.855568 2.497620 3.150730 3.814495 4.488529 5.172455 5.865910 6.568542 7.280014 8.000000 8.728188 9.464275 10.207973 10.959003 11.717094 12.481998 13.253460 14.031242)
(row 14.202805 13.411354 12.625874 11.846584 11.073727 10.307545 9.548298 8.796257 8.051701 7.314919 6.586216 5.865910 5.154327 4.451813 3.758720 3.075417 2.402290 1.739731 1.088158 0.447994 -0.180325 -0.796341 -1.399590 -1.989586 -2.565834 -3.127834 -3.675060 -4.206985 -4.723076 -5.222775 -5.705532 -6.170788 -6.617977 -7.046535 -7.455906 -7.845524 -8.214836 -8.563301 -8.890392 -9.195587 -9.478401 -9.738358 -9.975010 -10.187943 -10.376774 -10.541161 -10.680794 -10.795410 -10.884785 -10.948753 -10.987183 -11.000000 -10.987183 -10.948753 -10.884785 -10.795410 -10.680794 -10.541161 -10.376774 -10.187943 -9.975010 -9.738358 -9.478401 -9.195587 -8.890392 -8.563301 -8.214836 -7.845524 -7.455906 -7.046535 -6.617977 -6.170788 -5.705532 -5.222775 -4.723076 -4.206985 -3.675060 -3.127834 -2.565834 -1.989586 -1.399590 -0.796341 -0.180325 0.447994 1.088158 1.739731 2.402290 3.075417 3.758720 4.451813 5.154327 5.865910 6.586216 7.314919 8.051701 8.796257 9.548298 10.307545 11.073727 11.846584 12.625874 13.411354)
(row 13.600315 12.801273 12.008064 11.220913 10.440052 9.665737 8.898216 8.137768 7.384666 6.639210 5.901699 5.172455 4.451813 3.740116 3.037724 2.345009 1.662365 0.990196 0.328918 -0.321030 -0.959202 -1.585125 -2.198326 -2.798306 -3.384552 -3.956543 -4.513741 -5.055592 -5.581535 -6.091003 -6.583412 -7.058178 -7.514709 -7.952408 -8.370682 -8.768944 -9.146603 -9.503086 -9.837830 -10.150284 -10.439919 -10.706234 -10.948753 -11.167023 -11.360641 -11.529232 -11.672466 -11.790054 -11.881763 -11.947403 -11.986843 -12.000000 -11.986843 -11.947403 -11.881763 -11.790054 -11.672466 -11.529232 -11.360641 -11.167023 -10.948753 -10.706234 -10.439919 -10.150284 -9.837830 -9.503086 -9.146603 -8.768944 -8.370682 -7.952408 -7.514709 -7.058178 -6.583412 -6.091003 -5.581535 -5.055592 -4.513741 -3.956543 -3.384552 -2.798306 -2.198326 -1.585125 -0.959202 -0.321030 0.328918 0.990196 1.662365 2.345009 3.037724 3.740116 4.451813 5.172455 5.901699 6.639210 7.384666 8.137768 8.898216 9.665737 10.440052 11.220913 12.008064 12.801273)
(row 13.007935 12.201286 11.400326 10.605282 9.816383 9.033890 8.258045 7.489128 6.727417 5.973209 5.226803 4.488529 3.758720 3.037724 2.325901 1.623638 0.931328 0.249378 -0.421780 -1.081699 -1.729927 -2.365978 -2.989365 -3.599567 -4.196068 -4.778324 -5.345772 -5.897846 -6.433960 -6.953514 -7.455906 -7.940517 -8.406731 -8.853920 -9.281452 -9.688713 -10.075069 -10.439919 -10.782658 -11.102699 -11.399483 -11.672466 -11.921135 -12.145012 -12.343658 -12.516670 -12.663692 -12.784412 -12.878578 -12.945988 -12.986488 -13.000000 -12.986488 -12.945988 -12.878578 -12.784412 -12.663692 -12.516670 -12.343658 -12.145012 -11.921135 -11.672466 -11.399483 -11.102699 -10.782658 -10.439919 -10.075069 -9.688713 -9.281452 -8.853920 -8.406731 -7.940517 -7.455906 -6.953514 -6.433960 -5.897846 -5.345772 -4.778324 -4.196068 -3.599567 -2.989365 -2.365978 -1.729927 -1.081699 -0.421780 0.249378 0.931328 1.623638 2.325901 3.037724 3.758720 4.488529 5.226803 5.973209 6.727417 7.489128 8.258045 9.033890 9.816383 10.605282 11.400326 12.201286)
(row 12.425957 11.611687 10.802959 10.000000 9.203041 8.412327 7.628117 6.850681 6.080299 5.317268 4.561890 3.814495 3.075417 2.345009 1.623638 0.911690 0.209560 -0.482327 -1.163540 -1.833622 -2.492107 -3.138504 -3.772305 -4.392982 -5.000000 -5.592793 -6.170788 -6.733383 -7.279980 -7.809956 -8.322670 -8.817482 -9.293736 -9.750778 -10.187943 -10.604568 -11.000000 -11.373585 -11.724682 -12.052666 -12.356941 -12.636917 -12.892048 -13.121822 -13.325760 -13.503426 -13.654438 -13.778458 -13.875217 -13.944489 -13.986115 -14.000000 -13.986115 -13.944489 -13.875217 -13.778458 -13.654438 -13.503426 -13.325760 -13.121822 -12.892048 -12.636917 -12.356941 -12.052666 -11.724682 -11.373585 -11.000000 -10.604568 -10.187943 -9.750778 -9.293736 -8.817482 -8.322670 -7.809956 -7.279980 -6.733383 -6.170788 -5.592793 -5.000000 -4.392982 -3.772305 -3.138504 -2.492107 -1.833622 -1.163540 -0.482327 0.209560 0.911690 1.623638 2.345009 3.075417 3.814495 4.561890 5.317268 6.080299 6.850681 7.628117 8.412327 9.203041 10.000000 10.802959 11.611687)
(row 11.854668 11.032776 10.216278 9.405388 8.600342 7.801384 7.008770 6.222771 5.443665 4.671749 3.907330 3.150730 2.402290 1.662365 0.931328 0.209560 -0.502525 -1.204510 -1.895947 -2.576378 -3.245319 -3.902279 -4.546730 -5.178131 -5.795929 -6.399540 -6.988373 -7.561810 -8.119217 -8.659946 -9.183338 -9.688713 -10.175385 -10.642662 -11.089848 -11.516239 -11.921135 -12.303844 -12.663692 -13.000000 -13.312126 -13.599449 -13.861378 -14.097355 -14.306862 -14.489437 -14.644661 -14.772171 -14.871666 -14.942905 -14.985718 -15.000000 -14.985718 -14.942905 -14.871666 -14.772171 -14.644661 -14.489437 -14.306862 -14.097355 -13.861378 -13.599449 -13.312126 -13.000000 -12.663692 -12.303844 -11.921135 -11.516239 -11.089848 -10.642662 -10.175385 -9.688713 -9.183338 -8.659946 -8.119217 -7.561810 -6.988373 -6.399540 -5.795929 -5.178131 -4.546730 -3.902279 -3.245319 -2.576378 -1.895947 -1.204510 -0.502525 0.209560 0.931328 1.662365 2.402290 3.150730 3.907330 4.671749 5.443665 6.222771 7.008770 7.801384 8.600342 9.405388 10.216278 11.032776)
(row 11.294373 10.464867 9.640591 8.821766 8.008621 7.201397 6.400352 5.605755 4.817879 4.037025 3.263496 2.497620 1.739731 0.990196 0.249378 -0.482327 -1.204510 -1.916740 -2.618568 -3.309528 -3.989132 -4.656864 -5.312195 -5.954571 -6.583412 -7.198132 -7.798103 -8.382694 -8.951248 -9.503086 -10.037518 -10.553833 -11.051315 -11.529232 -11.986843 -12.423412 -12.838192 -13.230446 -13.599449 -13.944489 -14.264862 -14.559910 -14.828991 -15.071503 -15.286888 -15.474648 -15.634319 -15.765514 -15.867905 -15.941227 -15.985298 -16.000000 -15.985298 -15.941227 -15.867905 -15.765514 -15.634319 -15.474648 -15.286888 -15.071503 -14.828991 -14.559910 -14.264862 -13.944489 -13.599449 -13.230446 -12.838192 -12.423412 -11.986843 -11.529232 -11.051315 -10.553833 -10.037518 -9.503086 -8.951248 -8.382694 -7.798103 -7.198132 -6.583412 -5.954571 -5.312195 -4.656864 -3.989132 -3.309528 -2.618568 -1.916740 -1.204510 -0.482327 0.249378 0.990196 1.739731 2.497620 3.263496 4.037025 4.817879 5.605755 6.400352 7.201397 8.008621 8.821766 9.640591 10.464867)
(row 10.745369 9.908264 9.076221 8.249462 7.428215 6.612720 5.803226 5.000000 4.203320 3.413483 2.630787 1.855568 1.088158 0.328918 -0.421780 -1.163540 -1.895947 -2.618568 -3.330952 -4.032619 -4.723076 -5.401794 -6.068233 -6.721832 -7.361988 -7.988098 -8.599518 -9.195587 -9.775627 -10.338936 -10.884785 -11.412437 -11.921135 -12.410107 -12.878578 -13.325760 -13.750862 -14.153103 -14.531704 -14.885902 -15.214947 -15.518120 -15.794739 -16.044147 -16.265743 -16.458981 -16.623363 -16.758461 -16.863918 -16.939449 -16.984852 -17.000000 -16.984852 -16.939449 -16.863918 -16.758461 -16.623363 -16.458981 -16.265743 -16.044147 -15.794739 -15.518120 -15.214947 -14.885902 -14.531704 -14.153103 -13.750862 -13.325760 -12.878578 -12.410107 -11.921135 -11.412437 -10.884785 -10.338936 -9.775627 -9.195587 -8.599518 -7.988098 -7.361988 -6.721832 -6.068233 -5.401794 -4.723076 -4.032619 -3.330952 -2.618568 -1.895947 -1.163540 -0.421780 0.328918 1.088158 1.855568 2.630787 3.413483 4.203320 5.000000 5.803226 6.612720 7.428215 8.249462 9.076221 9.908264)
(row 10.207973 9.363289 8.523499 7.688820 6.859474 6.035702 5.217751 4.405884 3.600372 2.801514 2.009613 1.224995 0.447994 -0.321030 -1.081699 -1.833622 -2.576378 -3.309528 -4.032619 -4.745167 -5.446659 -6.136578 -6.814354 -7.479416 -8.131157 -8.768944 -9.392120 -10.000000 -10.591881 -11.167023 -11.724682 -12.264076 -12.784412 -13.284882 -13.764660 -14.222912 -14.658806 -15.071503 -15.460167 -15.823986 -16.162151 -16.473892 -16.758461 -17.015156 -17.243320 -17.442360 -17.611729 -17.750969 -17.859684 -17.937561 -17.984379 -18.000000 -17.984379 -17.937561 -17.859684 -17.750969 -17.611729 -17.442360 -17.243320 -17.015156 -16.758461 -16.473892 -16.162151 -15.823986 -15.460167 -15.071503 -14.658806 -14.222912 -13.764660 -13.284882 -12.784412 -12.264076 -11.724682 -11.167023 -10.591881 -10.000000 -9.392120 -8.768944 -8.131157 -7.479416 -6.814354 -6.136578 -5.446659 -4.745167 -4.032619 -3.309528 -2.576378 -1.833622 -1.081699 -0.321030 0.447994 1.224995 2.009613 2.801514 3.600372 4.405884 5.217751 6.035702 6.859474 7.688820 8.523499 9.363289)
(row 9.682495 8.830265 7.982754 7.140179 6.302753 5.470715 4.644306 3.823788 3.009434 2.201530 1.400391 0.606323 -0.180325 -0.959202 -1.729927 -2.492107 -3.245319 -3.989132 -4.723076 -5.446659 -6.159382 -6.860691 -7.550030 -8.226803 -8.890392 -9.540142 -10.175385 -10.795410 -11.399483 -11.986843 -12.556709 -13.108269 -13.640682 -14.153103 -14.644661 -15.114475 -15.561649 -15.985298 -16.384525 -16.758461 -17.106232 -17.427006 -17.719975 -17.984379 -18.219503 -18.424694 -18.599363 -18.743000 -18.855177 -18.935551 -18.983875 -19.000000 -18.983875 -18.935551 -18.855177 -18.743000 -18.599363 -18.424694 -18.219503 -17.984379 -17.719975 -17.427006 -17.106232 -16.758461 -16.384525 -15.985298 -15.561649 -15.114475 -14.644661 -14.153103 -13.640682 -13.108269 -12.556709 -11.986843 -11.399483 -10.795410 -10.175385 -9.540142 -8.890392 -8.226803 -7.550030 -6.860691 -6.159382 -5.446659 -4.723076 -3.989132 -3.245319 -2.492107 -1.729927 -0.959202 -0.180325 0.606323 1.400391 2.201530 3.009434 3.823788 4.644306 5.470715 6.302753 7.140179 7.982754 8.830265)
(row 9.169250 8.309517 7.454330 6.603886 5.758408 4.918121 4.083267 3.254108 2.430908 1.613953 0.803543 0.000000 -0.796341 -1.585125 -2.365978 -3.138504 -3.902279 -4.656864 -5.401794 -6.136578 -6.860691 -7.573593 -8.274708 -8.963432 -9.639130 -10.301132 -10.948753 -11.581253 -12.197884 -12.797852 -13.380333 -13.944489 -14.489437 -15.014290 -15.518120 -16.000000 -16.458981 -16.894112 -17.304436 -17.689011 -18.046909 -18.377224 -18.679081 -18.951651 -19.194157 -19.405884 -19.586187 -19.734509 -19.850372 -19.933407 -19.983337 -20.000000 -19.983337 -19.933407 -19.850372 -19.734509 -19.586187 -19.405884 -19.194157 -18.951651 -18.679081 -18.377224 -18.046909 -17.689011 -17.304436 -16.894112 -16.458981 -16.000000 -15.518120 -15.014290 -14.489437 -13.944489 -13.380333 -12.797852 -12.197884 -11.581253 -10.948753 -10.301132 -9.639130 -8.963432 -8.274708 -7.573593 -6.860691 -6.136578 -5.401794 -4.656864 -3.902279 -3.138504 -2.365978 -1.585125 -0.796341 0.000000 0.803543 1.613953 2.430908 3.254108 4.083267 4.918121 5.758408 6.603886 7.454330 8.309517)
(row 8.668560 7.801384 6.938564 6.080299 5.226803 4.378304 3.535034 2.697247 1.865211 1.039200 0.219517 -0.593521 -1.399590 -2.198326 -2.989365 -3.772305 -4.546730 -5.312195 -6.068233 -6.814354 -7.550030 -8.274708 -8.987808 -9.688713 -10.376774 -11.051315 -11.711620 -12.356941 -12.986488 -13.599449 -14.194973 -14.772171 -15.330128 -15.867905 -16.384525 -16.879009 -17.350346 -17.797516 -18.219503 -18.615290 -18.983875 -19.324278 -19.635548 -19.916782 -20.167131 -20.385815 -20.572123 -20.725437 -20.845242 -20.931116 -20.982763 -21.000000 -20.982763 -20.931116 -20.845242 -20.725437 -20.572123 -20.385815 -20.167131 -19.916782 -19.635548 -19.324278 -18.983875 -18.615290 -18.219503 -17.797516 -17.350346 -16.879009 -16.384525 -15.867905 -15.330128 -14.772171 -14.194973 -13.599449 -12.986488 -12.356941 -11.711620 -11.051315 -10.376774 -9.688713 -8.987808 -8.274708 -7.550030 -6.814354 -6.068233 -5.312195 -4.546730 -3.772305 -2.989365 -2.198326 -1.399590 -0.593521 0.219517 1.039200 1.865211 2.697247 3.535034 4.378304 5.226803 6.080299 6.938564 7.801384)
(row 8.180752 7.306194 6.435802 5.569775 4.708317 3.851646 3.000000 2.153618 1.312767 0.477718 -0.351234 -1.173779 -1.989586 -2.798306 -3.599567 -4.392982 -5.178131 -5.954571 -6.721832 -7.479416 -8.226803 -8.963432 -9.688713 -10.402020 -11.102699 -11.790054 -12.463352 -13.121822 -13.764660 -14.391014 -15.000000 -15.590698 -16.162151 -16.713367 -17.243320 -17.750969 -18.235241 -18.695049 -19.129303 -19.536907 -19.916782 -20.267862 -20.589117 -20.879560 -21.138260 -21.364357 -21.557076 -21.715729 -21.839745 -21.928661 -21.982149 -22.000000 -21.982149 -21.928661 -21.839745 -21.715729 -21.557076 -21.364357 -21.138260 -20.879560 -20.589117 -20.267862 -19.916782 -19.536907 -19.129303 -18.695049 -18.235241 -17.750969 -17.243320 -16.713367 -16.162151 -15.590698 -15.000000 -14.391014 -13.764660 -13.121822 -12.463352 -11.790054 -11.102699 -10.402020 -9.688713 -8.963432 -8.226803 -7.479416 -6.721832 -5.954571 -5.178131 -4.392982 -3.599567 -2.798306 -1.989586 -1.173779 -0.351234 0.477718 1.312767 2.153618 3.000000 3.851646 4.708317 5.569775 6.435802 7.306194)
(row 7.706150 6.824291 5.946404 5.072678 4.203320 3.338543 2.478569 1.623638 0.774010 -0.070049 -0.908249 -1.740284 -2.565834 -3.384552 -4.196068 -5.000000 -5.795929 -6.583412 -7.361988 -8.131157 -8.890392 -9.639130 -10.376774 -11.102699 -11.816235 -12.516670 -13.203262 -13.875217 -14.531704 -15.171852 -15.794739 -16.399403 -16.984852 -17.550037 -18.093887 -18.615290 -19.113110 -19.586187 -20.033352 -20.453426 -20.845242 -21.207640 -21.539501 -21.839745 -22.107349 -22.341366 -22.540939 -22.705311 -22.833845 -22.926027 -22.981487 -23.000000 -22.981487 -22.926027 -22.833845 -22.705311 -22.540939 -22.341366 -22.107349 -21.839745 -21.539501 -21.207640 -20.845242 -20.453426 -20.033352 -19.586187 -19.113110 -18.615290 -18.093887 -17.550037 -16.984852 -16.399403 -15.794739 -15.171852 -14.531704 -13.875217 -13.203262 -12.516670 -11.816235 -11.102699 -10.376774 -9.639130 -8.890392 -8.131157 -7.361988 -6.583412 -5.795929 -5.000000 -4.196068 -3.384552 -2.565834 -1.740284 -0.908249 -0.070049 0.774010 1.623638 2.478569 3.338543 4.203320 5.072678 5.946404 6.824291)
(row 7.245087 6.356010 5.470715 4.589378 3.712196 2.839378 1.971146 1.107731 0.249378 -0.603645 -1.451057 -2.292557 -3.127834 -3.956543 -4.778324 -5.592793 -6.399540 -7.198132 -7.988098 -8.768944 -9.540142 -10.301132 -11.051315 -11.790054 -12.516670 -13.230446 -13.930622 -14.616386 -15.286888 -15.941227 -16.578449 -17.197563 -17.797516 -18.377224 -18.935551 -19.471325 -19.983337 -20.470354 -20.931116 -21.364357 -21.768812 -22.143223 -22.486366 -22.797058 -23.074177 -23.316671 -23.523596 -23.694107 -23.827496 -23.923191 -23.980776 -24.000000 -23.980776 -23.923191 -23.827496 -23.694107 -23.523596 -23.316671 -23.074177 -22.797058 -22.486366 -22.143223 -21.768812 -21.364357 -20.931116 -20.470354 -19.983337 -19.471325 -18.935551 -18.377224 -17.797516 -17.197563 -16.578449 -15.941227 -15.286888 -14.616386 -13.930622 -13.230446 -12.516670 -11.790054 -11.051315 -10.301132 -9.540142 -8.768944 -7.988098 -7.198132 -6.399540 -5.592793 -4.778324 -3.956543 -3.127834 -2.292557 -1.451057 -0.603645 0.249378 1.107731 1.971146 2.839378 3.712196 4.589378 5.470715 6.356010)
(row 6.797886 5.901699 5.009090 4.120235 3.235325 2.354561 1.478149 0.606323 -0.260681 -1.122604 -1.979172 -2.830093 -3.675060 -4.513741 -5.345772 -6.170788 -6.988373 -7.798103 -8.599518 -9.392120 -10.175385 -10.948753 -11.711620 -12.463352 -13.203262 -13.930622 -14.644661 -15.344555 -16.029427 -16.698349 -17.350346 -17.984379 -18.599363 -19.194157 -19.767567 -20.318356 -20.845242 -21.346903 -21.821995 -22.269152 -22.687000 -23.074177 -23.429340 -23.751190 -24.038490 -24.290079 -24.504902 -24.682022 -24.820644 -24.920128 -24.980007 -25.000000 -24.980007 -24.920128 -24.820644 -24.682022 -24.504902 -24.290079 -24.038490 -23.751190 -23.429340 -23.074177 -22.687000 -22.269152 -21.821995 -21.346903 -20.845242 -20.318356 -19.767567 -19.194157 -18.599363 -17.984379 -17.350346 -16.698349 -16.029427 -15.344555 -14.644661 -13.930622 -13.203262 -12.463352 -11.711620 -10.948753 -10.175385 -9.392120 -8.599518 -7.798103 -6.988373 -6.170788 -5.345772 -4.513741 -3.675060 -2.830093 -1.979172 -1.122604 -0.260681 0.606323 1.478149 2.354561 3.235325 4.120235 5.009090 5.901699)
(row 6.364883 5.461697 4.561890 3.665630 2.773098 1.884487 1.000000 0.119858 -0.755711 -1.626453 -2.492107 -3.352386 -4.206985 -5.055592 -5.897846 -6.733383 -7.561810 -8.382694 -9.195587 -10.000000 -10.795410 -11.581253 -12.356941 -13.121822 -13.875217 -14.616386 -15.344555 -16.058876 -16.758461 -17.442360 -18.109564 -18.759001 -19.389544 -20.000000 -20.589117 -21.155590 -21.698057 -22.215113 -22.705311 -23.167185 -23.599243 -24.000000 -24.367989 -24.701778 -25.000000 -25.261366 -25.484699 -25.668949 -25.813227 -25.916811 -25.979176 -26.000000 -25.979176 -25.916811 -25.813227 -25.668949 -25.484699 -25.261366 -25.000000 -24.701778 -24.367989 -24.000000 -23.599243 -23.167185 -22.705311 -22.215113 -21.698057 -21.155590 -20.589117 -20.000000 -19.389544 -18.759001 -18.109564 -17.442360 -16.758461 -16.058876 -15.344555 -14.616386 -13.875217 -13.121822 -12.356941 -11.581253 -10.795410 -10.000000 -9.195587 -8.382694 -7.561810 -6.733383 -5.897846 -5.055592 -4.206985 -3.352386 -2.492107 -1.626453 -0.755711 0.119858 1.000000 1.884487 2.773098 3.665630 4.561890 5.461697)
(row 5.946404 5.036350 4.129475 3.225933 2.325901 1.429562 0.537117 -0.351234 -1.235260 -2.114719 -2.989365 -3.858913 -4.723076 -5.581535 -6.433960 -7.279980 -8.119217 -8.951248 -9.775627 -10.591881 -11.399483 -12.197884 -12.986488 -13.764660 -14.531704 -15.286888 -16.029427 -16.758461 -17.473087 -18.172338 -18.855177 -19.520498 -20.167131 -20.793837 -21.399302 -21.982149 -22.540939 -23.074177 -23.580311 -24.057756 -24.504902 -24.920128 -25.301823 -25.648409 -25.958370 -26.230272 -26.462795 -26.654764 -26.805174 -26.913208 -26.978271 -27.000000 -26.978271 -26.913208 -26.805174 -26.654764 -26.462795 -26.230272 -25.958370 -25.648409 -25.301823 -24.920128 -24.504902 -24.057756 -23.580311 -23.074177 -22.540939 -21.982149 -21.399302 -20.793837 -20.167131 -19.520498 -18.855177 -18.172338 -17.473087 -16.758461 -16.029427 -15.286888 -14.531704 -13.764660 -12.986488 -12.197884 -11.399483 -10.591881 -9.775627 -8.951248 -8.119217 -7.279980 -6.433960 -5.581535 -4.723076 -3.858913 -2.989365 -2.114719 -1.235260 -0.351234 0.537117 1.429562 2.325901 3.225933 4.129475 5.036350)
(row 5.542774 4.625999 3.712196 2.801514 1.894123 0.990196 0.089920 -0.806503 -1.698860 -2.586922 -3.470440 -4.349152 -5.222775 -6.091003 -6.953514 -7.809956 -8.659946 -9.503086 -10.338936 -11.167023 -11.986843 -12.797852 -13.599449 -14.391014 -15.171852 -15.941227 -16.698349 -17.442360 -18.172338 -18.887302 -19.586187 -20.267862 -20.931116 -21.574659 -22.197123 -22.797058 -23.372946 -23.923191 -24.446135 -24.940071 -25.403252 -25.833908 -26.230272 -26.590601 -26.913208 -27.196491 -27.438972 -27.639320 -27.796396 -27.909279 -27.977285 -28.000000 -27.977285 -27.909279 -27.796396 -27.639320 -27.438972 -27.196491 -26.913208 -26.590601 -26.230272 -25.833908 -25.403252 -24.940071 -24.446135 -23.923191 -23.372946 -22.797058 -22.197123 -21.574659 -20.931116 -20.267862 -19.586187 -18.887302 -18.172338 -17.442360 -16.698349 -15.941227 -15.171852 -14.391014 -13.599449 -12.797852 -11.986843 -11.167023 -10.338936 -9.503086 -8.659946 -7.809956 -6.953514 -6.091003 -5.222775 -4.349152 -3.470440 -2.586922 -1.698860 -0.806503 0.089920 0.990196 1.894123 2.801514 3.712196 4.625999)
(row 5.154327 4.230988 3.310413 2.392746 1.478149 0.566788 -0.341164 -1.245514 -2.146057 -3.042572 -3.934830 -4.822571 -5.705532 -6.583412 -7.455906 -8.322670 -9.183338 -10.037518 -10.884785 -11.724682 -12.556709 -13.380333 -14.194973 -15.000000 -15.794739 -16.578449 -17.350346 -18.109564 -18.855177 -19.586187 -20.301516 -21.000000 -21.680395 -22.341366 -22.981487 -23.599243 -24.193024 -24.761141 -25.301823 -25.813227 -26.293461 -26.740593 -27.152681 -27.527796 -27.864056 -28.159670 -28.412968 -28.622442 -28.786797 -28.904978 -28.976204 -29.000000 -28.976204 -28.904978 -28.786797 -28.622442 -28.412968 -28.159670 -27.864056 -27.527796 -27.152681 -26.740593 -26.293461 -25.813227 -25.301823 -24.761141 -24.193024 -23.599243 -22.981487 -22.341366 -21.680395 -21.000000 -20.301516 -19.586187 -18.855177 -18.109564 -17.350346 -16.578449 -15.794739 -15.000000 -14.194973 -13.380333 -12.556709 -11.724682 -10.884785 -10.037518 -9.183338 -8.322670 -7.455906 -6.583412 -5.705532 -4.822571 -3.934830 -3.042572 -2.146057 -1.245514 -0.341164 0.566788 1.478149 2.392746 3.310413 4.230988)
(row 4.781384 3.851646 2.924477 2.000000 1.078373 0.159744 -0.755711 -1.667816 -2.576378 -3.481186 -4.382023 -5.278641 -6.170788 -7.058178 -7.940517 -8.817482 -9.688713 -10.553833 -11.412437 -12.264076 -13.108269 -13.944489 -14.772171 -15.590698 -16.399403 -17.197563 -17.984379 -18.759001 -19.520498 -20.267862 -21.000000 -21.715729 -22.413773 -23.092752 -23.751190 -24.387503 -25.000000 -25.586889 -26.146278 -26.676193 -27.174576 -27.639320 -28.068289 -28.459341 -28.810381 -29.119387 -29.384472 -29.603922 -29.776251 -29.900249 -29.975016 -30.000000 -29.975016 -29.900249 -29.776251 -29.603922 -29.384472 -29.119387 -28.810381 -28.459341 -28.068289 -27.639320 -27.174576 -26.676193 -26.146278 -25.586889 -25.000000 -24.387503 -23.751190 -23.092752 -22.413773 -21.715729 -21.000000 -20.267862 -19.520498 -18.759001 -17.984379 -17.197563 -16.399403 -15.590698 -14.772171 -13.944489 -13.108269 -12.264076 -11.412437 -10.553833 -9.688713 -8.817482 -7.940517 -7.058178 -6.170788 -5.278641 -4.382023 -3.481186 -2.576378 -1.667816 -0.755711 0.159744 1.078373 2.000000 2.924477 3.851646)
(row 4.424259 3.488316 2.554733 1.623638 0.695168 -0.230530 -1.153301 -2.072971 -2.989365 -3.902279 -4.811504 -5.716820 -6.617977 -7.514709 -8.406731 -9.293736 -10.175385 -11.051315 -11.921135 -12.784412 -13.640682 -14.489437 -15.330128 -16.162151 -16.984852 -17.797516 -18.599363 -19.389544 -20.167131 -20.931116 -21.680395 -22.413773 -23.129942 -23.827496 -24.504902 -25.160515 -25.792562 -26.399153 -26.978271 -27.527796 -28.045502 -28.529089 -28.976204 -29.384472 -29.751543 -30.075142 -30.353117 -30.583511 -30.764616 -30.895027 -30.973701 -31.000000 -30.973701 -30.895027 -30.764616 -30.583511 -30.353117 -30.075142 -29.751543 -29.384472 -28.976204 -28.529089 -28.045502 -27.527796 -26.978271 -26.399153 -25.792562 -25.160515 -24.504902 -23.827496 -23.129942 -22.413773 -21.680395 -20.931116 -20.167131 -19.389544 -18.599363 -17.797516 -16.984852 -16.162151 -15.330128 -14.489437 -13.640682 -12.784412 -11.921135 -11.051315 -10.175385 -9.293736 -8.406731 -7.514709 -6.617977 -5.716820 -4.811504 -3.902279 -2.989365 -2.072971 -1.153301 -0.230530 0.695168 1.623638 2.554733 3.488316)
(row 4.083267 3.141319 2.201530 1.264023 0.328918 -0.603645 -1.533516 -2.460545 -3.384552 -4.305363 -5.222775 -6.136578 -7.046535 -7.952408 -8.853920 -9.750778 -10.642662 -11.529232 -12.410107 -13.284882 -14.153103 -15.014290 -15.867905 -16.713367 -17.550037 -18.377224 -19.194157 -20.000000 -20.793837 -21.574659 -22.341366 -23.092752 -23.827496 -24.544155 -25.241163 -25.916811 -26.569252 -27.196491 -27.796396 -28.366692 -28.904978 -29.408741 -29.875389 -30.302284 -30.686792 -31.026333 -31.318459 -31.560911 -31.751713 -31.889229 -31.972244 -32.000000 -31.972244 -31.889229 -31.751713 -31.560911 -31.318459 -31.026333 -30.686792 -30.302284 -29.875389 -29.408741 -28.904978 -28.366692 -27.796396 -27.196491 -26.569252 -25.916811 -25.241163 -24.544155 -23.827496 -23.092752 -22.341366 -21.574659 -20.793837 -20.000000 -19.194157 -18.377224 -17.550037 -16.713367 -15.867905 -15.014290 -14.153103 -13.284882 -12.410107 -11.529232 -10.642662 -9.750778 -8.853920 -7.952408 -7.046535 -6.136578 -5.222775 -4.305363 -3.384552 -2.460545 -1.533516 -0.603645 0.328918 1.264023 2.201530 3.141319)
(row 3.758720 2.810986 1.865211 0.921509 -0.020004 -0.959202 -1.895947 -2.830093 -3.761490 -4.689957 -5.615318 -6.537373 -7.455906 -8.370682 -9.281452 -10.187943 -11.089848 -11.986843 -12.878578 -13.764660 -14.644661 -15.518120 -16.384525 -17.243320 -18.093887 -18.935551 -19.767567 -20.589117 -21.399302 -22.197123 -22.981487 -23.751190 -24.504902 -25.241163 -25.958370 -26.654764 -27.328432 -27.977285 -28.599066 -29.191347 -29.751543 -30.276917 -30.764616 -31.211706 -31.615223 -31.972244 -32.279953 -32.535751 -32.737324 -32.882759 -32.970612 -33.000000 -32.970612 -32.882759 -32.737324 -32.535751 -32.279953 -31.972244 -31.615223 -31.211706 -30.764616 -30.276917 -29.751543 -29.191347 -28.599066 -27.977285 -27.328432 -26.654764 -25.958370 -25.241163 -24.504902 -23.751190 -22.981487 -22.197123 -21.399302 -20.589117 -19.767567 -18.935551 -18.093887 -17.243320 -16.384525 -15.518120 -14.644661 -13.764660 -12.878578 -11.986843 -11.089848 -10.187943 -9.281452 -8.370682 -7.455906 -6.537373 -5.615318 -4.689957 -3.761490 -2.830093 -1.895947 -0.959202 -0.020004 0.921509 1.865211 2.810986)
(row 3.450912 2.497620 1.546097 0.596443 -0.351234 -1.296818 -2.240185 -3.181202 -4.119720 -5.055592 -5.988640 -6.918682 -7.845524 -8.768944 -9.688713 -10.604568 -11.516239 -12.423412 -13.325760 -14.222912 -15.114475 -16.000000 -16.879009 -17.750969 -18.615290 -19.471325 -20.318356 -21.155590 -21.982149 -22.797058 -23.599243 -24.387503 -25.160515 -25.916811 -26.654764 -27.372583 -28.068289 -28.739708 -29.384472 -30.000000 -30.583511 -31.132038 -31.642441 -32.111458 -32.535751 -32.911995 -33.236946 -33.507576 -33.721180 -33.875484 -33.968781 -34.000000 -33.968781 -33.875484 -33.721180 -33.507576 -33.236946 -32.911995 -32.535751 -32.111458 -31.642441 -31.132038 -30.583511 -30.000000 -29.384472 -28.739708 -28.068289 -27.372583 -26.654764 -25.916811 -25.160515 -24.387503 -23.599243 -22.797058 -21.982149 -21.155590 -20.318356 -19.471325 -18.615290 -17.750969 -16.879009 -16.000000 -15.114475 -14.222912 -13.325760 -12.423412 -11.516239 -10.604568 -9.688713 -8.768944 -7.845524 -6.918682 -5.988640 -5.055592 -4.119720 -3.181202 -2.240185 -1.296818 -0.351234 0.596443 1.546097 2.497620)
(row 3.160133 2.201530 1.244511 0.289162 -0.664413 -1.616119 -2.565834 -3.513443 -4.458809 -5.401794 -6.342239 -7.279980 -8.214836 -9.146603 -10.075069 -11.000000 -11.921135 -12.838192 -13.750862 -14.658806 -15.561649 -16.458981 -17.350346 -18.235241 -19.113110 -19.983337 -20.845242 -21.698057 -22.540939 -23.372946 -24.193024 -25.000000 -25.792562 -26.569252 -27.328432 -28.068289 -28.786797 -29.481716 -30.150566 -30.790627 -31.398926 -31.972244 -32.507145 -33.000000 -33.447056 -33.844505 -34.188614 -34.475826 -34.702942 -34.867256 -34.966705 -35.000000 -34.966705 -34.867256 -34.702942 -34.475826 -34.188614 -33.844505 -33.447056 -33.000000 -32.507145 -31.972244 -31.398926 -30.790627 -30.150566 -29.481716 -28.786797 -28.068289 -27.328432 -26.569252 -25.792562 -25.000000 -24.193024 -23.372946 -22.540939 -21.698057 -20.845242 -19.983337 -19.113110 -18.235241 -17.350346 -16.458981 -15.561649 -14.658806 -13.750862 -12.838192 -11.921135 -11.000000 -10.075069 -9.146603 -8.214836 -7.279980 -6.342239 -5.401794 -4.458809 -3.513443 -2.565834 -1.616119 -0.664413 0.289162 1.244511 2.201530)
(row 2.886669 1.923019 0.960770 0.000000 -0.959202 -1.916740 -2.872513 -3.826416 -4.778324 -5.728111 -6.675644 -7.620762 -8.563301 -9.503086 -10.439919 -11.373585 -12.303844 -13.230446 -14.153103 -15.071503 -15.985298 -16.894112 -17.797516 -18.695049 -19.586187 -20.470354 -21.346903 -22.215113 -23.074177 -23.923191 -24.761141 -25.586889 -26.399153 -27.196491 -27.977285 -28.739708 -29.481716 -30.201010 -30.895027 -31.560911 -32.195507 -32.795349 -33.356682 -33.875484 -34.347527 -34.768456 -35.133930 -35.439781 -35.682178 -35.857864 -35.964333 -36.000000 -35.964333 -35.857864 -35.682178 -35.439781 -35.133930 -34.768456 -34.347527 -33.875484 -33.356682 -32.795349 -32.195507 -31.560911 -30.895027 -30.201010 -29.481716 -28.739708 -27.977285 -27.196491 -26.399153 -25.586889 -24.761141 -23.923191 -23.074177 -22.215113 -21.346903 -20.470354 -19.586187 -18.695049 -17.797516 -16.894112 -15.985298 -15.071503 -14.153103 -13.230446 -12.303844 -11.373585 -10.439919 -9.503086 -8.563301 -7.620762 -6.675644 -5.728111 -4.778324 -3.826416 -2.872513 -1.916740 -0.959202 0.000000 0.960770 1.923019)
