(size 104 104)
(row 23.539108 22.835434 22.138756 21.449280 20.767227 20.092796 19.426224 18.767723 18.117546 17.475922 16.843102 16.219330 15.604874 15.000000 14.404968 13.820061 13.245552 12.681736 12.128899 11.587337 11.057350 10.539242 10.033325 9.539902 9.059292 8.591808 8.137768 7.697487 7.271286 6.859474 6.462376 6.080299 5.713554 5.362442 5.027267 4.708317 4.405884 4.120235 3.851646 3.600372 3.366657 3.150730 2.952808 2.773098 2.611786 2.469040 2.345009 2.239830 2.153618 2.086468 2.038448 2.009613 2.000000 2.009613 2.038448 2.086468 2.153618 2.239830 2.345009 2.469040 2.611786 2.773098 2.952808 3.150730 3.366657 3.600372 3.851646 4.120235 4.405884 4.708317 5.027267 5.362442 5.713554 6.080299 6.462376 6.859474 7.271286 7.697487 8.137768 8.591808 9.059292 9.539902 10.033325 10.539242 11.057350 11.587337 12.128899 12.681736 13.245552 13.820061 14.404968 15.000000 15.604874 16.219330 16.843102 17.475922 18.117546 18.767723 19.426224 20.092796 20.767227 21.449280 22.138756 22.835434)
(row 22.835434 22.124893 21.421288 20.724815 20.035706 19.354164 18.680420 18.014702 17.357254 16.708321 16.068146 15.436996 14.815125 14.202805 13.600315 13.007935 12.425957 11.854668 11.294373 10.745369 10.207973 9.682495 9.169250 8.668560 8.180752 7.706150 7.245087 6.797886 6.364883 5.946404 5.542774 5.154327 4.781384 4.424259 4.083267 3.758720 3.450912 3.160133 2.886669 2.630787 2.392746 2.172791 1.971146 1.788029 1.623638 1.478149 1.351730 1.244511 1.156624 1.088158 1.039200 1.009804 1.000000 1.009804 1.039200 1.088158 1.156624 1.244511 1.351730 1.478149 1.623638 1.788029 1.971146 2.172791 2.392746 2.630787 2.886669 3.160133 3.450912 3.758720 4.083267 4.424259 4.781384 5.154327 5.542774 5.946404 6.364883 6.797886 7.245087 7.706150 8.180752 8.668560 9.169250 9.682495 10.207973 10.745369 11.294373 11.854668 12.425957 13.007935 13.600315 14.202805 14.815125 15.436996 16.068146 16.708321 17.357254 18.014702 18.680420 19.354164 20.035706 20.724815 21.421288 22.124893)
(row 22.138756 21.421288 20.710678 20.007141 19.310890 18.622154 17.941147 17.268120 16.603302 15.946945 15.299309 14.660652 14.031242 13.411354 12.801273 12.201286 11.611687 11.032776 10.464867 9.908264 9.363289 8.830265 8.309517 7.801384 7.306194 6.824291 6.356010 5.901699 5.461697 5.036350 4.625999 4.230988 3.851646 3.488316 3.141319 2.810986 2.497620 2.201530 1.923019 1.662365 1.419842 1.195702 0.990196 0.803543 0.635956 0.487621 0.358711 0.249378 0.159744 0.089920 0.039986 0.009998 0.000000 0.009998 0.039986 0.089920 0.159744 0.249378 0.358711 0.487621 0.635956 0.803543 0.990196 1.195702 1.419842 1.662365 1.923019 2.201530 2.497620 2.810986 3.141319 3.488316 3.851646 4.230988 4.625999 5.036350 5.461697 5.901699 6.356010 6.824291 7.306194 7.801384 8.309517 8.830265 9.363289 9.908264 10.464867 11.032776 11.611687 12.201286 12.801273 13.411354 14.031242 14.660652 15.299309 15.946945 16.603302 17.268120 17.941147 18.622154 19.310890 20.007141 20.710678 21.421288)
(row 21.449280 20.724815 20.007141 19.296463 18.593002 17.896980 17.208633 16.528191 15.855904 15.192024 14.536812 13.890533 13.253460 12.625874 12.008064 11.400326 10.802959 10.216278 9.640591 9.076221 8.523499 7.982754 7.454330 6.938564 6.435802 5.946404 5.470715 5.009090 4.561890 4.129475 3.712196 3.310413 2.924477 2.554733 2.201530 1.865211 1.546097 1.244511 0.960770 0.695168 0.447994 0.219517 0.009998 -0.180325 -0.351234 -0.502525 -0.634018 -0.745560 -0.837006 -0.908249 -0.959202 -0.989796 -1.000000 -0.989796 -0.959202 -0.908249 -0.837006 -0.745560 -0.634018 -0.502525 -0.351234 -0.180325 0.009998 0.219517 0.447994 0.695168 0.960770 1.244511 1.546097 1.865211 2.201530 2.554733 2.924477 3.310413 3.712196 4.129475 4.561890 5.009090 5.470715 5.946404 6.435802 6.938564 7.454330 7.982754 8.523499 9.076221 9.640591 10.216278 10.802959 11.400326 12.008064 12.625874 13.253460 13.890533 14.536812 15.192024 15.855904 16.528191 17.208633 17.896980 18.593002 19.296463 20.007141 20.724815)
(row 20.767227 20.035706 19.310890 18.593002 17.882248 17.178864 16.483078 15.795135 15.115280 14.443771 13.780872 13.126858 12.481998 11.846584 11.220913 10.605282 10.000000 9.405388 8.821766 8.249462 7.688820 7.140179 6.603886 6.080299 5.569775 5.072678 4.589378 4.120235 3.665630 3.225933 2.801514 2.392746 2.000000 1.623638 1.264023 0.921509 0.596443 0.289162 0.000000 -0.270733 -0.522732 -0.755711 -0.969398 -1.163540 -1.337898 -1.492268 -1.626453 -1.740284 -1.833622 -1.906342 -1.958351 -1.989586 -2.000000 -1.989586 -1.958351 -1.906342 -1.833622 -1.740284 -1.626453 -1.492268 -1.337898 -1.163540 -0.969398 -0.755711 -0.522732 -0.270733 0.000000 0.289162 0.596443 0.921509 1.264023 1.623638 2.000000 2.392746 2.801514 3.225933 3.665630 4.120235 4.589378 5.072678 5.569775 6.080299 6.603886 7.140179 7.688820 8.249462 8.821766 9.405388 10.000000 10.605282 11.220913 11.846584 12.481998 13.126858 13.780872 14.443771 15.115280 15.795135 16.483078 17.178864 17.882248 18.593002 19.310890 20.035706)
(row 20.092796 19.354164 18.622154 17.896980 17.178864 16.468040 15.764732 15.069191 14.381676 13.702435 13.031738 12.369865 11.717094 11.073727 10.440052 9.816383 9.203041 8.600342 8.008621 7.428215 6.859474 6.302753 5.758408 5.226803 4.708317 4.203320 3.712196 3.235325 2.773098 2.325901 1.894123 1.478149 1.078373 0.695168 0.328918 -0.020004 -0.351234 -0.664413 -0.959202 -1.235260 -1.492268 -1.729927 -1.947945 -2.146057 -2.324009 -2.481583 -2.618568 -2.734791 -2.830093 -2.904354 -2.957466 -2.989365 -3.000000 -2.989365 -2.957466 -2.904354 -2.830093 -2.734791 -2.618568 -2.481583 -2.324009 -2.146057 -1.947945 -1.729927 -1.492268 -1.235260 -0.959202 -0.664413 -0.351234 -0.020004 0.328918 0.695168 1.078373 1.478149 1.894123 2.325901 2.773098 3.235325 3.712196 4.203320 4.708317 5.226803 5.758408 6.302753 6.859474 7.428215 8.008621 8.600342 9.203041 9.816383 10.440052 11.073727 11.717094 12.369865 13.031738 13.702435 14.381676 15.069191 15.764732 16.468040 17.178864 17.896980 18.622154 19.354164)
(row 19.426224 18.680420 17.941147 17.208633 16.483078 15.764732 15.053825 14.350601 13.655323 12.968246 12.289646 11.619801 10.959003 10.307545 9.665737 9.033890 8.412327 7.801384 7.201397 6.612720 6.035702 5.470715 4.918121 4.378304 3.851646 3.338543 2.839378 2.354561 1.884487 1.429562 0.990196 0.566788 0.159744 -0.230530 -0.603645 -0.959202 -1.296818 -1.616119 -1.916740 -2.198326 -2.460545 -2.703064 -2.925591 -3.127834 -3.309528 -3.470440 -3.610348 -3.729057 -3.826416 -3.902279 -3.956543 -3.989132 -4.000000 -3.989132 -3.956543 -3.902279 -3.826416 -3.729057 -3.610348 -3.470440 -3.309528 -3.127834 -2.925591 -2.703064 -2.460545 -2.198326 -1.916740 -1.616119 -1.296818 -0.959202 -0.603645 -0.230530 0.159744 0.566788 0.990196 1.429562 1.884487 2.354561 2.839378 3.338543 3.851646 4.378304 4.918121 5.470715 6.035702 6.612720 7.201397 7.801384 8.412327 9.033890 9.665737 10.307545 10.959003 11.619801 12.289646 12.968246 13.655323 14.350601 15.053825 15.764732 16.483078 17.208633 17.941147 18.680420)
(row 18.767723 18.014702 17.268120 16.528191 15.795135 15.069191 14.350601 13.639610 12.936474 12.241467 11.554852 10.876926 10.207973 9.548298 8.898216 8.258045 7.628117 7.008770 6.400352 5.803226 5.217751 4.644306 4.083267 3.535034 3.000000 2.478569 1.971146 1.478149 1.000000 0.537117 0.089920 -0.341164 -0.755711 -1.153301 -1.533516 -1.895947 -2.240185 -2.565834 -2.872513 -3.159847 -3.427475 -3.675060 -3.902279 -4.108826 -4.294422 -4.458809 -4.601761 -4.723076 -4.822571 -4.900112 -4.955578 -4.988892 -5.000000 -4.988892 -4.955578 -4.900112 -4.822571 -4.723076 -4.601761 -4.458809 -4.294422 -4.108826 -3.902279 -3.675060 -3.427475 -3.159847 -2.872513 -2.565834 -2.240185 -1.895947 -1.533516 -1.153301 -0.755711 -0.341164 0.089920 0.537117 1.000000 1.478149 1.971146 2.478569 3.000000 3.535034 4.083267 4.644306 5.217751 5.803226 6.400352 7.008770 7.628117 8.258045 8.898216 9.548298 10.207973 10.876926 11.554852 12.241467 12.936474 13.639610 14.350601 15.069191 15.795135 16.528191 17.268120 18.014702)
(row 18.117546 17.357254 16.603302 15.855904 15.115280 14.381676 13.655323 12.936474 12.225395 11.522354 10.827625 10.141499 9.464275 8.796257 8.137768 7.489128 6.850681 6.222771 5.605755 5.000000 4.405884 3.823788 3.254108 2.697247 2.153618 1.623638 1.107731 0.606323 0.119858 -0.351234 -0.806503 -1.245514 -1.667816 -2.072971 -2.460545 -2.830093 -3.181202 -3.513443 -3.826416 -4.119720 -4.392982 -4.645840 -4.877945 -5.088978 -5.278641 -5.446659 -5.592793 -5.716820 -5.818558 -5.897846 -5.954571 -5.988640 -6.000000 -5.988640 -5.954571 -5.897846 -5.818558 -5.716820 -5.592793 -5.446659 -5.278641 -5.088978 -4.877945 -4.645840 -4.392982 -4.119720 -3.826416 -3.513443 -3.181202 -2.830093 -2.460545 -2.072971 -1.667816 -1.245514 -0.806503 -0.351234 0.119858 0.606323 1.107731 1.623638 2.153618 2.697247 3.254108 3.823788 4.405884 5.000000 5.605755 6.222771 6.850681 7.489128 8.137768 8.796257 9.464275 10.141499 10.827625 11.522354 12.225395 12.936474 13.655323 14.381676 15.115280 15.855904 16.603302 17.357254)
(row 17.475922 16.708321 15.946945 15.192024 14.443771 13.702435 12.968246 12.241467 11.522354 10.811184 10.108234 9.413803 8.728188 8.051701 7.384666 6.727417 6.080299 5.443665 4.817879 4.203320 3.600372 3.009434 2.430908 1.865211 1.312767 0.774010 0.249378 -0.260681 -0.755711 -1.235260 -1.698860 -2.146057 -2.576378 -2.989365 -3.384552 -3.761490 -4.119720 -4.458809 -4.778324 -5.077847 -5.356972 -5.615318 -5.852520 -6.068233 -6.262146 -6.433960 -6.583412 -6.710278 -6.814354 -6.895477 -6.953514 -6.988373 -7.000000 -6.988373 -6.953514 -6.895477 -6.814354 -6.710278 -6.583412 -6.433960 -6.262146 -6.068233 -5.852520 -5.615318 -5.356972 -5.077847 -4.778324 -4.458809 -4.119720 -3.761490 -3.384552 -2.989365 -2.576378 -2.146057 -1.698860 -1.235260 -0.755711 -0.260681 0.249378 0.774010 1.312767 1.865211 2.430908 3.009434 3.600372 4.203320 4.817879 5.443665 6.080299 6.727417 7.384666 8.051701 8.728188 9.413803 10.108234 10.811184 11.522354 12.241467 12.968246 13.702435 14.443771 15.192024 15.946945 16.708321)
(row 16.843102 16.068146 15.299309 14.536812 13.780872 13.031738 12.289646 11.554852 10.827625 10.108234 9.396969 8.694122 8.000000 7.314919 6.639210 5.973209 5.317268 4.671749 4.037025 3.413483 2.801514 2.201530 1.613953 1.039200 0.477718 -0.070049 -0.603645 -1.122604 -1.626453 -2.114719 -2.586922 -3.042572 -3.481186 -3.902279 -4.305363 -4.689957 -5.055592 -5.401794 -5.728111 -6.034103 -6.319340 -6.583412 -6.825935 -7.046535 -7.244884 -7.420662 -7.573593 -7.703426 -7.809956 -7.892994 -7.952408 -7.988098 -8.000000 -7.988098 -7.952408 -7.892994 -7.809956 -7.703426 -7.573593 -7.420662 -7.244884 -7.046535 -6.825935 -6.583412 -6.319340 -6.034103 -5.728111 -5.401794 -5.055592 -4.689957 -4.305363 -3.902279 -3.481186 -3.042572 -2.586922 -2.114719 -1.626453 -1.122604 -0.603645 -0.070049 0.477718 1.039200 1.613953 2.201530 2.801514 3.413483 4.037025 4.671749 5.317268 5.973209 6.639210 7.314919 8.000000 8.694122 9.396969 10.108234 10.827625 11.554852 12.289646 13.031738 13.780872 14.536812 15.299309 16.068146)
(row 16.219330 15.436996 14.660652 13.890533 13.126858 12.369865 11.619801 10.876926 10.141499 9.413803 8.694122 7.982754 7.280014 6.586216 5.901699 5.226803 4.561890 3.907330 3.263496 2.630787 2.009613 1.400391 0.803543 0.219517 -0.351234 -0.908249 -1.451057 -1.979172 -2.492107 -2.989365 -3.470440 -3.934830 -4.382023 -4.811504 -5.222775 -5.615318 -5.988640 -6.342239 -6.675644 -6.988373 -7.279980 -7.550030 -7.798103 -8.023815 -8.226803 -8.406731 -8.563301 -8.696247 -8.805340 -8.890392 -8.951248 -8.987808 -9.000000 -8.987808 -8.951248 -8.890392 -8.805340 -8.696247 -8.563301 -8.406731 -8.226803 -8.023815 -7.798103 -7.550030 -7.279980 -6.988373 -6.675644 -6.342239 -5.988640 -5.615318 -5.222775 -4.811504 -4.382023 -3.934830 -3.470440 -2.989365 -2.492107 -1.979172 -1.451057 -0.908249 -0.351234 0.219517 0.803543 1.400391 2.009613 2.630787 3.263496 3.907330 4.561890 5.226803 5.901699 6.586216 7.280014 7.982754 8.694122 9.413803 10.141499 10.876926 11.619801 12.369865 13.126858 13.890533 14.660652 15.436996)
(row 15.604874 14.815125 14.031242 13.253460 12.481998 11.717094 10.959003 10.207973 9.464275 8.728188 8.000000 7.280014 6.568542 5.865910 5.172455 4.488529 3.814495 3.150730 2.497620 1.855568 1.224995 0.606323 0.000000 -0.593521 -1.173779 -1.740284 -2.292557 -2.830093 -3.352386 -3.858913 -4.349152 -4.822571 -5.278641 -5.716820 -6.136578 -6.537373 -6.918682 -7.279980 -7.620762 -7.940517 -8.238773 -8.515064 -8.768944 -9.000000 -9.207844 -9.392120 -9.552502 -9.688713 -9.800499 -9.887657 -9.950031 -9.987503 -10.000000 -9.987503 -9.950031 -9.887657 -9.800499 -9.688713 -9.552502 -9.392120 -9.207844 -9.000000 -8.768944 -8.515064 -8.238773 -7.940517 -7.620762 -7.279980 -6.918682 -6.537373 -6.136578 -5.716820 -5.278641 -4.822571 -4.349152 -3.858913 -3.352386 -2.830093 -2.292557 -1.740284 -1.173779 -0.593521 0.000000 0.606323 1.224995 1.855568 2.497620 3.150730 3.814495 4.488529 5.172455 5.865910 6.568542 7.280014 8.000000 8.728188 9.464275 10.207973 10.959003 11.717094 12.481998 13.253460 14.031242 14.815125)
(row 15.000000 14.202805 13.411354 12.625874 11.846584 11.073727 10.307545 9.548298 8.796257 8.051701 7.314919 6.586216 5.865910 5.154327 4.451813 3.758720 3.075417 2.402290 1.739731 1.088158 0.447994 -0.180325 -0.796341 -1.399590 -1.989586 -2.565834 -3.127834 -3.675060 -4.206985 -4.723076 -5.222775 -5.705532 -6.170788 -6.617977 -7.046535 -7.455906 -7.845524 -8.214836 -8.563301 -8.890392 -9.195587 -9.478401 -9.738358 -9.975010 -10.187943 -10.376774 -10.541161 -10.680794 -10.795410 -10.884785 -10.948753 -10.987183 -11.000000 -10.987183 -10.948753 -10.884785 -10.795410 -10.680794 -10.541161 -10.376774 -10.187943 -9.975010 -9.738358 -9.478401 -9.195587 -8.890392 -8.563301 -8.214836 -7.845524 -7.455906 -7.046535 -6.617977 -6.170788 -5.705532 -5.222775 -4.723076 -4.206985 -3.675060 -3.127834 -2.565834 -1.989586 -1.399590 -0.796341 -0.180325 0.447994 1.088158 1.739731 2.402290 3.075417 3.758720 4.451813 5.154327 5.865910 6.586216 7.314919 8.051701 8.796257 9.548298 10.307545 11.073727 11.846584 12.625874 13.411354 14.202805)
(row 14.404968 13.600315 12.801273 12.008064 11.220913 10.440052 9.665737 8.898216 8.137768 7.384666 6.639210 5.901699 5.172455 4.451813 3.740116 3.037724 2.345009 1.662365 0.990196 0.328918 -0.321030 -0.959202 -1.585125 -2.198326 -2.798306 -3.384552 -3.956543 -4.513741 -5.055592 -5.581535 -6.091003 -6.583412 -7.058178 -7.514709 -7.952408 -8.370682 -8.768944 -9.146603 -9.503086 -9.837830 -10.150284 -10.439919 -10.706234 -10.948753 -11.167023 -11.360641 -11.529232 -11.672466 -11.790054 -11.881763 -11.947403 -11.986843 -12.000000 -11.986843 -11.947403 -11.881763 -11.790054 -11.672466 -11.529232 -11.360641 -11.167023 -10.948753 -10.706234 -10.439919 -10.150284 -9.837830 -9.503086 -9.146603 -8.768944 -8.370682 -7.952408 -7.514709 -7.058178 -6.583412 -6.091003 -5.581535 -5.055592 -4.513741 -3.956543 -3.384552 -2.798306 -2.198326 -1.585125 -0.959202 -0.321030 0.328918 0.990196 1.662365 2.345009 3.037724 3.740116 4.451813 5.172455 5.901699 6.639210 7.384666 8.137768 8.898216 9.665737 10.440052 11.220913 12.008064 12.801273 13.600315)
(row 13.820061 13.007935 12.201286 11.400326 10.605282 9.816383 9.033890 8.258045 7.489128 6.727417 5.973209 5.226803 4.488529 3.758720 3.037724 2.325901 1.623638 0.931328 0.249378 -0.421780 -1.081699 -1.729927 -2.365978 -2.989365 -3.599567 -4.196068 -4.778324 -5.345772 -5.897846 -6.433960 -6.953514 -7.455906 -7.940517 -8.406731 -8.853920 -9.281452 -9.688713 -10.075069 -10.439919 -10.782658 -11.102699 -11.399483 -11.672466 -11.921135 -12.145012 -12.343658 -12.483330 -12.336308 -12.215588 -12.121422 -12.054012 -12.013512 -12.000000 -12.013512 -12.054012 -12.121422 -12.215588 -12.336308 -12.483330 -12.343658 -12.145012 -11.921135 -11.672466 -11.399483 -11.102699 -10.782658 -10.439919 -10.075069 -9.688713 -9.281452 -8.853920 -8.406731 -7.940517 -7.455906 -6.953514 -6.433960 -5.897846 -5.345772 -4.778324 -4.196068 -3.599567 -2.989365 -2.365978 -1.729927 -1.081699 -0.421780 0.249378 0.931328 1.623638 2.325901 3.037724 3.758720 4.488529 5.226803 5.973209 6.727417 7.489128 8.258045 9.033890 9.816383 10.605282 11.400326 12.201286 13.007935)
(row 13.245552 12.425957 11.611687 10.802959 10.000000 9.203041 8.412327 7.628117 6.850681 6.080299 5.317268 4.561890 3.814495 3.075417 2.345009 1.623638 0.911690 0.209560 -0.482327 -1.163540 -1.833622 -2.492107 -3.138504 -3.772305 -4.392982 -5.000000 -5.592793 -6.170788 -6.733383 -7.279980 -7.809956 -8.322670 -8.817482 -9.293736 -9.750778 -10.187943 -10.604568 -11.000000 -11.373585 -11.724682 -12.052666 -12.356941 -12.363083 -12.107952 -11.878178 -11.674240 -11.496574 -11.345562 -11.221542 -11.124783 -11.055511 -11.013885 -11.000000 -11.013885 -11.055511 -11.124783 -11.221542 -11.345562 -11.496574 -11.674240 -11.878178 -12.107952 -12.363083 -12.356941 -12.052666 -11.724682 -11.373585 -11.000000 -10.604568 -10.187943 -9.750778 -9.293736 -8.817482 -8.322670 -7.809956 -7.279980 -6.733383 -6.170788 -5.592793 -5.000000 -4.392982 -3.772305 -3.138504 -2.492107 -1.833622 -1.163540 -0.482327 0.209560 0.911690 1.623638 2.345009 3.075417 3.814495 4.561890 5.317268 6.080299 6.850681 7.628117 8.412327 9.203041 10.000000 10.802959 11.611687 12.425957)
(row 12.681736 11.854668 11.032776 10.216278 9.405388 8.600342 7.801384 7.008770 6.222771 5.443665 4.671749 3.907330 3.150730 2.402290 1.662365 0.931328 0.209560 -0.502525 -1.204510 -1.895947 -2.576378 -3.245319 -3.902279 -4.546730 -5.178131 -5.795929 -6.399540 -6.988373 -7.561810 -8.119217 -8.659946 -9.183338 -9.688713 -10.175385 -10.642662 -11.089848 -11.516239 -11.921135 -12.303844 -12.336308 -12.000000 -11.687874 -11.400551 -11.138622 -10.902645 -10.693138 -10.510563 -10.355339 -10.227829 -10.128334 -10.057095 -10.014282 -10.000000 -10.014282 -10.057095 -10.128334 -10.227829 -10.355339 -10.510563 -10.693138 -10.902645 -11.138622 -11.400551 -11.687874 -12.000000 -12.336308 -12.303844 -11.921135 -11.516239 -11.089848 -10.642662 -10.175385 -9.688713 -9.183338 -8.659946 -8.119217 -7.561810 -6.988373 -6.399540 -5.795929 -5.178131 -4.546730 -3.902279 -3.245319 -2.576378 -1.895947 -1.204510 -0.502525 0.209560 0.931328 1.662365 2.402290 3.150730 3.907330 4.671749 5.443665 6.222771 7.008770 7.801384 8.600342 9.405388 10.216278 11.032776 11.854668)
(row 12.128899 11.294373 10.464867 9.640591 8.821766 8.008621 7.201397 6.400352 5.605755 4.817879 4.037025 3.263496 2.497620 1.739731 0.990196 0.249378 -0.482327 -1.204510 -1.916740 -2.618568 -3.309528 -3.989132 -4.656864 -5.312195 -5.954571 -6.583412 -7.198132 -7.798103 -8.382694 -8.951248 -9.503086 -10.037518 -10.553833 -11.051315 -11.529232 -11.986843 -12.423412 -12.161808 -11.769554 -11.400551 -11.055511 -10.735138 -10.440090 -10.171009 -9.928497 -9.713112 -9.525352 -9.365681 -9.234486 -9.132095 -9.058773 -9.014702 -9.000000 -9.014702 -9.058773 -9.132095 -9.234486 -9.365681 -9.525352 -9.713112 -9.928497 -10.171009 -10.440090 -10.735138 -11.055511 -11.400551 -11.769554 -12.161808 -12.423412 -11.986843 -11.529232 -11.051315 -10.553833 -10.037518 -9.503086 -8.951248 -8.382694 -7.798103 -7.198132 -6.583412 -5.954571 -5.312195 -4.656864 -3.989132 -3.309528 -2.618568 -1.916740 -1.204510 -0.482327 0.249378 0.990196 1.739731 2.497620 3.263496 4.037025 4.817879 5.605755 6.400352 7.201397 8.008621 8.821766 9.640591 10.464867 11.294373)
(row 11.587337 10.745369 9.908264 9.076221 8.249462 7.428215 6.612720 5.803226 5.000000 4.203320 3.413483 2.630787 1.855568 1.088158 0.328918 -0.421780 -1.163540 -1.895947 -2.618568 -3.330952 -4.032619 -4.723076 -5.401794 -6.068233 -6.721832 -7.361988 -7.988098 -8.599518 -9.195587 -9.775627 -10.338936 -10.884785 -11.412437 -11.921135 -12.410107 -12.121422 -11.674240 -11.249138 -10.846897 -10.468296 -10.114098 -9.785053 -9.481880 -9.205261 -8.955853 -8.734257 -8.541019 -8.376637 -8.241539 -8.136082 -8.060551 -8.015148 -8.000000 -8.015148 -8.060551 -8.136082 -8.241539 -8.376637 -8.541019 -8.734257 -8.955853 -9.205261 -9.481880 -9.785053 -10.114098 -10.468296 -10.846897 -11.249138 -11.674240 -12.121422 -12.410107 -11.921135 -11.412437 -10.884785 -10.338936 -9.775627 -9.195587 -8.599518 -7.988098 -7.361988 -6.721832 -6.068233 -5.401794 -4.723076 -4.032619 -3.330952 -2.618568 -1.895947 -1.163540 -0.421780 0.328918 1.088158 1.855568 2.630787 3.413483 4.203320 5.000000 5.803226 6.612720 7.428215 8.249462 9.076221 9.908264 10.745369)
(row 11.057350 10.207973 9.363289 8.523499 7.688820 6.859474 6.035702 5.217751 4.405884 3.600372 2.801514 2.009613 1.224995 0.447994 -0.321030 -1.081699 -1.833622 -2.576378 -3.309528 -4.032619 -4.745167 -5.446659 -6.136578 -6.814354 -7.479416 -8.131157 -8.768944 -9.392120 -10.000000 -10.591881 -11.167023 -11.724682 -12.264076 -12.215588 -11.715118 -11.235340 -10.777088 -10.341194 -9.928497 -9.539833 -9.176014 -8.837849 -8.526108 -8.241539 -7.984844 -7.756680 -7.557640 -7.388271 -7.249031 -7.140316 -7.062439 -7.015621 -7.000000 -7.015621 -7.062439 -7.140316 -7.249031 -7.388271 -7.557640 -7.756680 -7.984844 -8.241539 -8.526108 -8.837849 -9.176014 -9.539833 -9.928497 -10.341194 -10.777088 -11.235340 -11.715118 -12.215588 -12.264076 -11.724682 -11.167023 -10.591881 -10.000000 -9.392120 -8.768944 -8.131157 -7.479416 -6.814354 -6.136578 -5.446659 -4.745167 -4.032619 -3.309528 -2.576378 -1.833622 -1.081699 -0.321030 0.447994 1.224995 2.009613 2.801514 3.600372 4.405884 5.217751 6.035702 6.859474 7.688820 8.523499 9.363289 10.207973)
(row 10.539242 9.682495 8.830265 7.982754 7.140179 6.302753 5.470715 4.644306 3.823788 3.009434 2.201530 1.400391 0.606323 -0.180325 -0.959202 -1.729927 -2.492107 -3.245319 -3.989132 -4.723076 -5.446659 -6.159382 -6.860691 -7.550030 -8.226803 -8.890392 -9.540142 -10.175385 -10.795410 -11.399483 -11.986843 -12.443291 -11.891731 -11.359318 -10.846897 -10.355339 -9.885525 -9.438351 -9.014702 -8.615475 -8.241539 -7.893768 -7.572994 -7.280025 -7.015621 -6.780497 -6.575306 -6.400637 -6.257000 -6.144823 -6.064449 -6.016125 -6.000000 -6.016125 -6.064449 -6.144823 -6.257000 -6.400637 -6.575306 -6.780497 -7.015621 -7.280025 -7.572994 -7.893768 -8.241539 -8.615475 -9.014702 -9.438351 -9.885525 -10.355339 -10.846897 -11.359318 -11.891731 -12.443291 -11.986843 -11.399483 -10.795410 -10.175385 -9.540142 -8.890392 -8.226803 -7.550030 -6.860691 -6.159382 -5.446659 -4.723076 -3.989132 -3.245319 -2.492107 -1.729927 -0.959202 -0.180325 0.606323 1.400391 2.201530 3.009434 3.823788 4.644306 5.470715 6.302753 7.140179 7.982754 8.830265 9.682495)
(row 10.033325 9.169250 8.309517 7.454330 6.603886 5.758408 4.918121 4.083267 3.254108 2.430908 1.613953 0.803543 0.000000 -0.796341 -1.585125 -2.365978 -3.138504 -3.902279 -4.656864 -5.401794 -6.136578 -6.860691 -7.573593 -8.274708 -8.963432 -9.639130 -10.301132 -10.948753 -11.581253 -12.197884 -12.202148 -11.619667 -11.055511 -10.510563 -9.985710 -9.481880 -9.000000 -8.541019 -8.105888 -7.695564 -7.310989 -6.953091 -6.622776 -6.320919 -6.048349 -5.805843 -5.594116 -5.413813 -5.265491 -5.149628 -5.066593 -5.016663 -5.000000 -5.016663 -5.066593 -5.149628 -5.265491 -5.413813 -5.594116 -5.805843 -6.048349 -6.320919 -6.622776 -6.953091 -7.310989 -7.695564 -8.105888 -8.541019 -9.000000 -9.481880 -9.985710 -10.510563 -11.055511 -11.619667 -12.202148 -12.197884 -11.581253 -10.948753 -10.301132 -9.639130 -8.963432 -8.274708 -7.573593 -6.860691 -6.136578 -5.401794 -4.656864 -3.902279 -3.138504 -2.365978 -1.585125 -0.796341 0.000000 0.803543 1.613953 2.430908 3.254108 4.083267 4.918121 5.758408 6.603886 7.454330 8.309517 9.169250)
(row 9.539902 8.668560 7.801384 6.938564 6.080299 5.226803 4.378304 3.535034 2.697247 1.865211 1.039200 0.219517 -0.593521 -1.399590 -2.198326 -2.989365 -3.772305 -4.546730 -5.312195 -6.068233 -6.814354 -7.550030 -8.274708 -8.987808 -9.688713 -10.376774 -11.051315 -11.711620 -12.356941 -12.013512 -11.400551 -10.805027 -10.227829 -9.669872 -9.132095 -8.615475 -8.120991 -7.649654 -7.202484 -6.780497 -6.384710 -6.016125 -5.675722 -5.364452 -5.083218 -4.832869 -4.614185 -4.427877 -4.274563 -4.154758 -4.068884 -4.017237 -4.000000 -4.017237 -4.068884 -4.154758 -4.274563 -4.427877 -4.614185 -4.832869 -5.083218 -5.364452 -5.675722 -6.016125 -6.384710 -6.780497 -7.202484 -7.649654 -8.120991 -8.615475 -9.132095 -9.669872 -10.227829 -10.805027 -11.400551 -12.013512 -12.356941 -11.711620 -11.051315 -10.376774 -9.688713 -8.987808 -8.274708 -7.550030 -6.814354 -6.068233 -5.312195 -4.546730 -3.772305 -2.989365 -2.198326 -1.399590 -0.593521 0.219517 1.039200 1.865211 2.697247 3.535034 4.378304 5.226803 6.080299 6.938564 7.801384 8.668560)
(row 9.059292 8.180752 7.306194 6.435802 5.569775 4.708317 3.851646 3.000000 2.153618 1.312767 0.477718 -0.351234 -1.173779 -1.989586 -2.798306 -3.599567 -4.392982 -5.178131 -5.954571 -6.721832 -7.479416 -8.226803 -8.963432 -9.688713 -10.402020 -11.102699 -11.790054 -12.463352 -11.878178 -11.235340 -10.608986 -10.000000 -9.409302 -8.837849 -8.286633 -7.756680 -7.249031 -6.764759 -6.304951 -5.870697 -5.463093 -5.083218 -4.732138 -4.410883 -4.120440 -3.861740 -3.635643 -3.442924 -3.284271 -3.160255 -3.071339 -3.017851 -3.000000 -3.017851 -3.071339 -3.160255 -3.284271 -3.442924 -3.635643 -3.861740 -4.120440 -4.410883 -4.732138 -5.083218 -5.463093 -5.870697 -6.304951 -6.764759 -7.249031 -7.756680 -8.286633 -8.837849 -9.409302 -10.000000 -10.608986 -11.235340 -11.878178 -12.463352 -11.790054 -11.102699 -10.402020 -9.688713 -8.963432 -8.226803 -7.479416 -6.721832 -5.954571 -5.178131 -4.392982 -3.599567 -2.798306 -1.989586 -1.173779 -0.351234 0.477718 1.312767 2.153618 3.000000 3.851646 4.708317 5.569775 6.435802 7.306194 8.180752)
(row 8.591808 7.706150 6.824291 5.946404 5.072678 4.203320 3.338543 2.478569 1.623638 0.774010 -0.070049 -0.908249 -1.740284 -2.565834 -3.384552 -4.196068 -5.000000 -5.795929 -6.583412 -7.361988 -8.131157 -8.890392 -9.639130 -10.376774 -11.102699 -11.816235 -12.483330 -11.796738 -11.124783 -10.468296 -9.828148 -9.205261 -8.600597 -8.015148 -7.449963 -6.906113 -6.384710 -5.886890 -5.413813 -4.966648 -4.546574 -4.154758 -3.792360 -3.460499 -3.160255 -2.892651 -2.658634 -2.459061 -2.294689 -2.166155 -2.073973 -2.018513 -2.000000 -2.018513 -2.073973 -2.166155 -2.294689 -2.459061 -2.658634 -2.892651 -3.160255 -3.460499 -3.792360 -4.154758 -4.546574 -4.966648 -5.413813 -5.886890 -6.384710 -6.906113 -7.449963 -8.015148 -8.600597 -9.205261 -9.828148 -10.468296 -11.124783 -11.796738 -12.483330 -11.816235 -11.102699 -10.376774 -9.639130 -8.890392 -8.131157 -7.361988 -6.583412 -5.795929 -5.000000 -4.196068 -3.384552 -2.565834 -1.740284 -0.908249 -0.070049 0.774010 1.623638 2.478569 3.338543 4.203320 5.072678 5.946404 6.824291 7.706150)
(row 8.137768 7.245087 6.356010 5.470715 4.589378 3.712196 2.839378 1.971146 1.107731 0.249378 -0.603645 -1.451057 -2.292557 -3.127834 -3.956543 -4.778324 -5.592793 -6.399540 -7.198132 -7.988098 -8.768944 -9.540142 -10.301132 -11.051315 -11.790054 -12.483330 -11.769554 -11.069378 -10.383614 -9.713112 -9.058773 -8.421551 -7.802437 -7.202484 -6.622776 -6.064449 -5.528675 -5.016663 -4.529646 -4.068884 -3.635643 -3.231188 -2.856777 -2.513634 -2.202942 -1.925823 -1.683329 -1.476404 -1.305893 -1.172504 -1.076809 -1.019224 -1.000000 -1.019224 -1.076809 -1.172504 -1.305893 -1.476404 -1.683329 -1.925823 -2.202942 -2.513634 -2.856777 -3.231188 -3.635643 -4.068884 -4.529646 -5.016663 -5.528675 -6.064449 -6.622776 -7.202484 -7.802437 -8.421551 -9.058773 -9.713112 -10.383614 -11.069378 -11.769554 -12.483330 -11.790054 -11.051315 -10.301132 -9.540142 -8.768944 -7.988098 -7.198132 -6.399540 -5.592793 -4.778324 -3.956543 -3.127834 -2.292557 -1.451057 -0.603645 0.249378 1.107731 1.971146 2.839378 3.712196 4.589378 5.470715 6.356010 7.245087)
(row 7.697487 6.797886 5.901699 5.009090 4.120235 3.235325 2.354561 1.478149 0.606323 -0.260681 -1.122604 -1.979172 -2.830093 -3.675060 -4.513741 -5.345772 -6.170788 -6.988373 -7.798103 -8.599518 -9.392120 -10.175385 -10.948753 -11.711620 -12.463352 -11.796738 -11.069378 -10.355339 -9.655445 -8.970573 -8.301651 -7.649654 -7.015621 -6.400637 -5.805843 -5.232433 -4.681644 -4.154758 -3.653097 -3.178005 -2.730848 -2.313000 -1.925823 -1.570660 -1.248810 -0.961510 -0.709921 -0.495098 -0.317978 -0.179356 -0.079872 -0.019993 0.000000 -0.019993 -0.079872 -0.179356 -0.317978 -0.495098 -0.709921 -0.961510 -1.248810 -1.570660 -1.925823 -2.313000 -2.730848 -3.178005 -3.653097 -4.154758 -4.681644 -5.232433 -5.805843 -6.400637 -7.015621 -7.649654 -8.301651 -8.970573 -9.655445 -10.355339 -11.069378 -11.796738 -12.463352 -11.711620 -10.948753 -10.175385 -9.392120 -8.599518 -7.798103 -6.988373 -6.170788 -5.345772 -4.513741 -3.675060 -2.830093 -1.979172 -1.122604 -0.260681 0.606323 1.478149 2.354561 3.235325 4.120235 5.009090 5.901699 6.797886)
(row 7.271286 6.364883 5.461697 4.561890 3.665630 2.773098 1.884487 1.000000 0.119858 -0.755711 -1.626453 -2.492107 -3.352386 -4.206985 -5.055592 -5.897846 -6.733383 -7.561810 -8.382694 -9.195587 -10.000000 -10.795410 -11.581253 -12.356941 -11.878178 -11.124783 -10.383614 -9.655445 -8.941124 -8.241539 -7.557640 -6.890436 -6.240999 -5.610456 -5.000000 -4.410883 -3.844410 -3.301943 -2.784887 -2.294689 -1.832815 -1.400757 -1.000000 -0.632011 -0.298222 0.000000 0.261366 0.484699 0.668949 0.813227 0.916811 0.979176 1.000000 0.979176 0.916811 0.813227 0.668949 0.484699 0.261366 0.000000 -0.298222 -0.632011 -1.000000 -1.400757 -1.832815 -2.294689 -2.784887 -3.301943 -3.844410 -4.410883 -5.000000 -5.610456 -6.240999 -6.890436 -7.557640 -8.241539 -8.941124 -9.655445 -10.383614 -11.124783 -11.878178 -12.356941 -11.581253 -10.795410 -10.000000 -9.195587 -8.382694 -7.561810 -6.733383 -5.897846 -5.055592 -4.206985 -3.352386 -2.492107 -1.626453 -0.755711 0.119858 1.000000 1.884487 2.773098 3.665630 4.561890 5.461697 6.364883)
(row 6.859474 5.946404 5.036350 4.129475 3.225933 2.325901 1.429562 0.537117 -0.351234 -1.235260 -2.114719 -2.989365 -3.858913 -4.723076 -5.581535 -6.433960 -7.279980 -8.119217 -8.951248 -9.775627 -10.591881 -11.399483 -12.197884 -12.013512 -11.235340 -10.468296 -9.713112 -8.970573 -8.241539 -7.526913 -6.827662 -6.144823 -5.479502 -4.832869 -4.206163 -3.600698 -3.017851 -2.459061 -1.925823 -1.419689 -0.942244 -0.495098 -0.079872 0.301823 0.648409 0.958370 1.230272 1.462795 1.654764 1.805174 1.913208 1.978271 2.000000 1.978271 1.913208 1.805174 1.654764 1.462795 1.230272 0.958370 0.648409 0.301823 -0.079872 -0.495098 -0.942244 -1.419689 -1.925823 -2.459061 -3.017851 -3.600698 -4.206163 -4.832869 -5.479502 -6.144823 -6.827662 -7.526913 -8.241539 -8.970573 -9.713112 -10.468296 -11.235340 -12.013512 -12.197884 -11.399483 -10.591881 -9.775627 -8.951248 -8.119217 -7.279980 -6.433960 -5.581535 -4.723076 -3.858913 -2.989365 -2.114719 -1.235260 -0.351234 0.537117 1.429562 2.325901 3.225933 4.129475 5.036350 5.946404)
(row 6.462376 5.542774 4.625999 3.712196 2.801514 1.894123 0.990196 0.089920 -0.806503 -1.698860 -2.586922 -3.470440 -4.349152 -5.222775 -6.091003 -6.953514 -7.809956 -8.659946 -9.503086 -10.338936 -11.167023 -11.986843 -12.202148 -11.400551 -10.608986 -9.828148 -9.058773 -8.301651 -7.557640 -6.827662 -6.112698 -5.413813 -4.732138 -4.068884 -3.425341 -2.802877 -2.202942 -1.627054 -1.076809 -0.553865 -0.059929 0.403252 0.833908 1.230272 1.590601 1.913208 2.196491 2.438972 2.639320 2.796396 2.909279 2.977285 3.000000 2.977285 2.909279 2.796396 2.639320 2.438972 2.196491 1.913208 1.590601 1.230272 0.833908 0.403252 -0.059929 -0.553865 -1.076809 -1.627054 -2.202942 -2.802877 -3.425341 -4.068884 -4.732138 -5.413813 -6.112698 -6.827662 -7.557640 -8.301651 -9.058773 -9.828148 -10.608986 -11.400551 -12.202148 -11.986843 -11.167023 -10.338936 -9.503086 -8.659946 -7.809956 -6.953514 -6.091003 -5.222775 -4.349152 -3.470440 -2.586922 -1.698860 -0.806503 0.089920 0.990196 1.894123 2.801514 3.712196 4.625999 5.542774)
(row 6.080299 5.154327 4.230988 3.310413 2.392746 1.478149 0.566788 -0.341164 -1.245514 -2.146057 -3.042572 -3.934830 -4.822571 -5.705532 -6.583412 -7.455906 -8.322670 -9.183338 -10.037518 -10.884785 -11.724682 -12.443291 -11.619667 -10.805027 -10.000000 -9.205261 -8.421551 -7.649654 -6.890436 -6.144823 -5.413813 -4.698484 -4.000000 -3.319605 -2.658634 -2.018513 -1.400757 -0.806976 -0.238859 0.301823 0.813227 1.293461 1.740593 2.152681 2.527796 2.864056 3.159670 3.412968 3.622442 3.786797 3.904978 3.976204 4.000000 3.976204 3.904978 3.786797 3.622442 3.412968 3.159670 2.864056 2.527796 2.152681 1.740593 1.293461 0.813227 0.301823 -0.238859 -0.806976 -1.400757 -2.018513 -2.658634 -3.319605 -4.000000 -4.698484 -5.413813 -6.144823 -6.890436 -7.649654 -8.421551 -9.205261 -10.000000 -10.805027 -11.619667 -12.443291 -11.724682 -10.884785 -10.037518 -9.183338 -8.322670 -7.455906 -6.583412 -5.705532 -4.822571 -3.934830 -3.042572 -2.146057 -1.245514 -0.341164 0.566788 1.478149 2.392746 3.310413 4.230988 5.154327)
(row 5.713554 4.781384 3.851646 2.924477 2.000000 1.078373 0.159744 -0.755711 -1.667816 -2.576378 -3.481186 -4.382023 -5.278641 -6.170788 -7.058178 -7.940517 -8.817482 -9.688713 -10.553833 -11.412437 -12.264076 -11.891731 -11.055511 -10.227829 -9.409302 -8.600597 -7.802437 -7.015621 -6.240999 -5.479502 -4.732138 -4.000000 -3.284271 -2.586227 -1.907248 -1.248810 -0.612497 0.000000 0.586889 1.146278 1.676193 2.174576 2.639320 3.068289 3.459341 3.810381 4.119387 4.384472 4.603922 4.776251 4.900249 4.975016 5.000000 4.975016 4.900249 4.776251 4.603922 4.384472 4.119387 3.810381 3.459341 3.068289 2.639320 2.174576 1.676193 1.146278 0.586889 0.000000 -0.612497 -1.248810 -1.907248 -2.586227 -3.284271 -4.000000 -4.732138 -5.479502 -6.240999 -7.015621 -7.802437 -8.600597 -9.409302 -10.227829 -11.055511 -11.891731 -12.264076 -11.412437 -10.553833 -9.688713 -8.817482 -7.940517 -7.058178 -6.170788 -5.278641 -4.382023 -3.481186 -2.576378 -1.667816 -0.755711 0.159744 1.078373 2.000000 2.924477 3.851646 4.781384)
(row 5.362442 4.424259 3.488316 2.554733 1.623638 0.695168 -0.230530 -1.153301 -2.072971 -2.989365 -3.902279 -4.811504 -5.716820 -6.617977 -7.514709 -8.406731 -9.293736 -10.175385 -11.051315 -11.921135 -12.215588 -11.359318 -10.510563 -9.669872 -8.837849 -8.015148 -7.202484 -6.400637 -5.610456 -4.832869 -4.068884 -3.319605 -2.586227 -1.870058 -1.172504 -0.495098 0.160515 0.792562 1.399153 1.978271 2.527796 3.045502 3.529089 3.976204 4.384472 4.751543 5.075142 5.353117 5.583511 5.764616 5.895027 5.973701 6.000000 5.973701 5.895027 5.764616 5.583511 5.353117 5.075142 4.751543 4.384472 3.976204 3.529089 3.045502 2.527796 1.978271 1.399153 0.792562 0.160515 -0.495098 -1.172504 -1.870058 -2.586227 -3.319605 -4.068884 -4.832869 -5.610456 -6.400637 -7.202484 -8.015148 -8.837849 -9.669872 -10.510563 -11.359318 -12.215588 -11.921135 -11.051315 -10.175385 -9.293736 -8.406731 -7.514709 -6.617977 -5.716820 -4.811504 -3.902279 -2.989365 -2.072971 -1.153301 -0.230530 0.695168 1.623638 2.554733 3.488316 4.424259)
(row 5.027267 4.083267 3.141319 2.201530 1.264023 0.328918 -0.603645 -1.533516 -2.460545 -3.384552 -4.305363 -5.222775 -6.136578 -7.046535 -7.952408 -8.853920 -9.750778 -10.642662 -11.529232 -12.410107 -11.715118 -10.846897 -9.985710 -9.132095 -8.286633 -7.449963 -6.622776 -5.805843 -5.000000 -4.206163 -3.425341 -2.658634 -1.907248 -1.172504 -0.455845 0.241163 0.916811 1.569252 2.196491 2.796396 3.366692 3.904978 4.408741 4.875389 5.302284 5.686792 6.026333 6.318459 6.560911 6.751713 6.889229 6.972244 7.000000 6.972244 6.889229 6.751713 6.560911 6.318459 6.026333 5.686792 5.302284 4.875389 4.408741 3.904978 3.366692 2.796396 2.196491 1.569252 0.916811 0.241163 -0.455845 -1.172504 -1.907248 -2.658634 -3.425341 -4.206163 -5.000000 -5.805843 -6.622776 -7.449963 -8.286633 -9.132095 -9.985710 -10.846897 -11.715118 -12.410107 -11.529232 -10.642662 -9.750778 -8.853920 -7.952408 -7.046535 -6.136578 -5.222775 -4.305363 -3.384552 -2.460545 -1.533516 -0.603645 0.328918 1.264023 2.201530 3.141319 4.083267)
(row 4.708317 3.758720 2.810986 1.865211 0.921509 -0.020004 -0.959202 -1.895947 -2.830093 -3.761490 -4.689957 -5.615318 -6.537373 -7.455906 -8.370682 -9.281452 -10.187943 -11.089848 -11.986843 -12.121422 -11.235340 -10.355339 -9.481880 -8.615475 -7.756680 -6.906113 -6.064449 -5.232433 -4.410883 -3.600698 -2.802877 -2.018513 -1.248810 -0.495098 0.241163 0.958370 1.654764 2.328432 2.977285 3.599066 4.191347 4.751543 5.276917 5.764616 6.211706 6.615223 6.972244 7.279955 7.535751 7.737324 7.882757 7.970613 8.000000 7.970613 7.882757 7.737324 7.535751 7.279955 6.972244 6.615223 6.211706 5.764616 5.276917 4.751543 4.191347 3.599066 2.977285 2.328432 1.654764 0.958370 0.241163 -0.495098 -1.248810 -2.018513 -2.802877 -3.600698 -4.410883 -5.232433 -6.064449 -6.906113 -7.756680 -8.615475 -9.481880 -10.355339 -11.235340 -12.121422 -11.986843 -11.089848 -10.187943 -9.281452 -8.370682 -7.455906 -6.537373 -5.615318 -4.689957 -3.761490 -2.830093 -1.895947 -0.959202 -0.020004 0.921509 1.865211 2.810986 3.758720)
(row 4.405884 3.450912 2.497620 1.546097 0.596443 -0.351234 -1.296818 -2.240185 -3.181202 -4.119720 -5.055592 -5.988640 -6.918682 -7.845524 -8.768944 -9.688713 -10.604568 -11.516239 -12.423412 -11.674240 -10.777088 -9.885525 -9.000000 -8.120991 -7.249031 -6.384710 -5.528675 -4.681644 -3.844410 -3.017851 -2.202942 -1.400757 -0.612497 0.160515 0.916811 1.654764 2.372583 3.068289 3.739708 4.384472 5.000000 5.583511 6.132038 6.642441 7.111456 7.535751 7.911993 8.236946 8.507578 8.721180 8.875484 8.968781 9.000000 8.968781 8.875484 8.721180 8.507578 8.236946 7.911993 7.535751 7.111456 6.642441 6.132038 5.583511 5.000000 4.384472 3.739708 3.068289 2.372583 1.654764 0.916811 0.160515 -0.612497 -1.400757 -2.202942 -3.017851 -3.844410 -4.681644 -5.528675 -6.384710 -7.249031 -8.120991 -9.000000 -9.885525 -10.777088 -11.674240 -12.423412 -11.516239 -10.604568 -9.688713 -8.768944 -7.845524 -6.918682 -5.988640 -5.055592 -4.119720 -3.181202 -2.240185 -1.296818 -0.351234 0.596443 1.546097 2.497620 3.450912)
(row 4.120235 3.160133 2.201530 1.244511 0.289162 -0.664413 -1.616119 -2.565834 -3.513443 -4.458809 -5.401794 -6.342239 -7.279980 -8.214836 -9.146603 -10.075069 -11.000000 -11.921135 -12.161808 -11.249138 -10.341194 -9.438351 -8.541019 -7.649654 -6.764759 -5.886890 -5.016663 -4.154758 -3.301943 -2.459061 -1.627054 -0.806976 0.000000 0.792562 1.569252 2.328432 3.068289 3.786797 4.481716 5.150566 5.790627 6.398926 6.972244 7.507145 8.000000 8.447056 8.844505 9.188612 9.475825 9.702942 9.867254 9.966703 10.000000 9.966703 9.867254 9.702942 9.475825 9.188612 8.844505 8.447056 8.000000 7.507145 6.972244 6.398926 5.790627 5.150566 4.481716 3.786797 3.068289 2.328432 1.569252 0.792562 0.000000 -0.806976 -1.627054 -2.459061 -3.301943 -4.154758 -5.016663 -5.886890 -6.764759 -7.649654 -8.541019 -9.438351 -10.341194 -11.249138 -12.161808 -11.921135 -11.000000 -10.075069 -9.146603 -8.214836 -7.279980 -6.342239 -5.401794 -4.458809 -3.513443 -2.565834 -1.616119 -0.664413 0.289162 1.244511 2.201530 3.160133)
(row 3.851646 2.886669 1.923019 0.960770 0.000000 -0.959202 -1.916740 -2.872513 -3.826416 -4.778324 -5.728111 -6.675644 -7.620762 -8.563301 -9.503086 -10.439919 -11.373585 -12.303844 -11.769554 -10.846897 -9.928497 -9.014702 -8.105888 -7.202484 -6.304951 -5.413813 -4.529646 -3.653097 -2.784887 -1.925823 -1.076809 -0.238859 0.586889 1.399153 2.196491 2.977285 3.739708 4.481716 5.201010 5.895027 6.560911 7.195507 7.795349 8.356684 8.875484 9.347525 9.768454 10.133931 10.439780 10.682178 10.857864 10.964331 11.000000 10.964331 10.857864 10.682178 10.439780 10.133931 9.768454 9.347525 8.875484 8.356684 7.795349 7.195507 6.560911 5.895027 5.201010 4.481716 3.739708 2.977285 2.196491 1.399153 0.586889 -0.238859 -1.076809 -1.925823 -2.784887 -3.653097 -4.529646 -5.413813 -6.304951 -7.202484 -8.105888 -9.014702 -9.928497 -10.846897 -11.769554 -12.303844 -11.373585 -10.439919 -9.503086 -8.563301 -7.620762 -6.675644 -5.728111 -4.778324 -3.826416 -2.872513 -1.916740 -0.959202 0.000000 0.960770 1.923019 2.886669)
