(size 52 52)
(row 22.124893 21.421288 20.724815 20.035706 19.354164 18.680420 18.014702 17.357254 16.708321 16.068146 15.436996 14.815125 14.202805 13.600315 13.007935 12.425957 11.854668 11.294373 10.745369 10.207973 9.682495 9.169250 8.668560 8.180752 7.706150 7.245087 6.797886 6.364883 5.946404 5.542774 5.154327 4.781384 4.424259 4.083267 3.758720 3.450912 3.160133 2.886669 2.630787 2.392746 2.172791 1.971146 1.788029 1.623638 1.478149 1.351730 1.244511 1.156624 1.088158 1.039200 1.009804 1.000000)
(row 21.421288 20.710678 20.007141 19.310890 18.622154 17.941147 17.268120 16.603302 15.946945 15.299309 14.660652 14.031242 13.411354 12.801273 12.201286 11.611687 11.032776 10.464867 9.908264 9.363289 8.830265 8.309517 7.801384 7.306194 6.824291 6.356010 5.901699 5.461697 5.036350 4.625999 4.230988 3.851646 3.488316 3.141319 2.810986 2.497620 2.201530 1.923019 1.662365 1.419842 1.195702 0.990196 0.803543 0.635956 0.487621 0.358711 0.249378 0.159744 0.089920 0.039986 0.009998 0.000000)
(row 20.724815 20.007141 19.296463 18.593002 17.896980 17.208633 16.528191 15.855904 15.192024 14.536812 13.890533 13.253460 12.625874 12.008064 11.400326 10.802959 10.216278 9.640591 9.076221 8.523499 7.982754 7.454330 6.938564 6.435802 5.946404 5.470715 5.009090 4.561890 4.129475 3.712196 3.310413 2.924477 2.554733 2.201530 1.865211 1.546097 1.244511 0.960770 0.695168 0.447994 0.219517 0.009998 -0.180325 -0.351234 -0.502525 -0.634018 -0.745560 -0.837006 -0.908249 -0.959202 -0.989796 0.009998)
(row 20.035706 19.310890 18.593002 17.882248 17.178864 16.483078 15.795135 15.115280 14.443771 13.780872 13.126858 12.481998 11.846584 11.220913 10.605282 10.000000 9.405388 8.821766 8.249462 7.688820 7.140179 6.603886 6.080299 5.569775 5.072678 4.589378 4.120235 3.665630 3.225933 2.801514 2.392746 2.000000 1.623638 1.264023 0.921509 0.596443 0.289162 0.000000 -0.270733 -0.522732 -0.755711 -0.969398 -1.163540 -1.337898 -1.492268 -1.626453 -1.740284 -1.833622 -1.906342 -1.958351 -0.959202 0.039986)
(row 19.354164 18.622154 17.896980 17.178864 16.468040 15.764732 15.069191 14.381676 13.702435 13.031738 12.369865 11.717094 11.073727 10.440052 9.816383 9.203041 8.600342 8.008621 7.428215 6.859474 6.302753 5.758408 5.226803 4.708317 4.203320 3.712196 3.235325 2.773098 2.325901 1.894123 1.478149 1.078373 0.695168 0.328918 -0.020004 -0.351234 -0.664413 -0.959202 -1.235260 -1.492268 -1.729927 -1.947945 -2.146057 -2.324009 -2.481583 -2.618568 -2.734791 -2.830093 -2.904354 -1.906342 -0.908249 0.089920)
(row 18.680420 17.941147 17.208633 16.483078 15.764732 15.053825 14.350601 13.655323 12.968246 12.289646 11.619801 10.959003 10.307545 9.665737 9.033890 8.412327 7.801384 7.201397 6.612720 6.035702 5.470715 4.918121 4.378304 3.851646 3.338543 2.839378 2.354561 1.884487 1.429562 0.990196 0.566788 0.159744 -0.230530 -0.603645 -0.959202 -1.296818 -1.616119 -1.916740 -2.198326 -2.460545 -2.703064 -2.925591 -3.127834 -3.309528 -3.470440 -3.610348 -3.729057 -3.826416 -2.830093 -1.833622 -0.837006 0.159744)
(row 18.014702 17.268120 16.528191 15.795135 15.069191 14.350601 13.639610 12.936474 12.241467 11.554852 10.876926 10.207973 9.548298 8.898216 8.258045 7.628117 7.008770 6.400352 5.803226 5.217751 4.644306 4.083267 3.535034 3.000000 2.478569 1.971146 1.478149 1.000000 0.537117 0.089920 -0.341164 -0.755711 -1.153301 -1.533516 -1.895947 -2.240185 -2.565834 -2.872513 -3.159847 -3.427475 -3.675060 -3.902279 -4.108826 -4.294422 -4.458809 -4.601761 -4.723076 -3.729057 -2.734791 -1.740284 -0.745560 0.249378)
(row 17.357254 16.603302 15.855904 15.115280 14.381676 13.655323 12.936474 12.225395 11.522354 10.827625 10.141499 9.464275 8.796257 8.137768 7.489128 6.850681 6.222771 5.605755 5.000000 4.405884 3.823788 3.254108 2.697247 2.153618 1.623638 1.107731 0.606323 0.119858 -0.351234 -0.806503 -1.245514 -1.667816 -2.072971 -2.460545 -2.830093 -3.181202 -3.513443 -3.826416 -4.119720 -4.392982 -4.645840 -4.877945 -5.088978 -5.278641 -5.446659 -5.592793 -4.601761 -3.610348 -2.618568 -1.626453 -0.634018 0.358711)
(row 16.708321 15.946945 15.192024 14.443771 13.702435 12.968246 12.241467 11.522354 10.811184 10.108234 9.413803 8.728188 8.051701 7.384666 6.727417 6.080299 5.443665 4.817879 4.203320 3.600372 3.009434 2.430908 1.865211 1.312767 0.774010 0.249378 -0.260681 -0.755711 -1.235260 -1.698860 -2.146057 -2.576378 -2.989365 -3.384552 -3.761490 -4.119720 -4.458809 -4.778324 -5.077847 -5.356972 -5.615318 -5.852520 -6.068233 -6.262146 -6.433960 -5.446659 -4.458809 -3.470440 -2.481583 -1.492268 -0.502525 0.487621)
(row 16.068146 15.299309 14.536812 13.780872 13.031738 12.289646 11.554852 10.827625 10.108234 9.396969 8.694122 8.000000 7.314919 6.639210 5.973209 5.317268 4.671749 4.037025 3.413483 2.801514 2.201530 1.613953 1.039200 0.477718 -0.070049 -0.603645 -1.122604 -1.626453 -2.114719 -2.586922 -3.042572 -3.481186 -3.902279 -4.305363 -4.689957 -5.055592 -5.401794 -5.728111 -6.034103 -6.319340 -6.583412 -6.825935 -7.046535 -7.244884 -6.262146 -5.278641 -4.294422 -3.309528 -2.324009 -1.337898 -0.351234 0.635956)
(row 15.436996 14.660652 13.890533 13.126858 12.369865 11.619801 10.876926 10.141499 9.413803 8.694122 7.982754 7.280014 6.586216 5.901699 5.226803 4.561890 3.907330 3.263496 2.630787 2.009613 1.400391 0.803543 0.219517 -0.351234 -0.908249 -1.451057 -1.979172 -2.492107 -2.989365 -3.470440 -3.934830 -4.382023 -4.811504 -5.222775 -5.615318 -5.988640 -6.342239 -6.675644 -6.988373 -7.279980 -7.550030 -7.798103 -8.023815 -7.046535 -6.068233 -5.088978 -4.108826 -3.127834 -2.146057 -1.163540 -0.180325 0.803543)
(row 14.815125 14.031242 13.253460 12.481998 11.717094 10.959003 10.207973 9.464275 8.728188 8.000000 7.280014 6.568542 5.865910 5.172455 4.488529 3.814495 3.150730 2.497620 1.855568 1.224995 0.606323 0.000000 -0.593521 -1.173779 -1.740284 -2.292557 -2.830093 -3.352386 -3.858913 -4.349152 -4.822571 -5.278641 -5.716820 -6.136578 -6.537373 -6.918682 -7.279980 -7.620762 -7.940517 -8.238773 -8.515064 -8.768944 -7.798103 -6.825935 -5.852520 -4.877945 -3.902279 -2.925591 -1.947945 -0.969398 0.009998 0.990196)
(row 14.202805 13.411354 12.625874 11.846584 11.073727 10.307545 9.548298 8.796257 8.051701 7.314919 6.586216 5.865910 5.154327 4.451813 3.758720 3.075417 2.402290 1.739731 1.088158 0.447994 -0.180325 -0.796341 -1.399590 -1.989586 -2.565834 -3.127834 -3.675060 -4.206985 -4.723076 -5.222775 -5.705532 -6.170788 -6.617977 -7.046535 -7.455906 -7.845524 -8.214836 -8.563301 -8.890392 -9.195587 -9.478401 -8.515064 -7.550030 -6.583412 -5.615318 -4.645840 -3.675060 -2.703064 -1.729927 -0.755711 0.219517 1.195702)
(row 13.600315 12.801273 12.008064 11.220913 10.440052 9.665737 8.898216 8.137768 7.384666 6.639210 5.901699 5.172455 4.451813 3.740116 3.037724 2.345009 1.662365 0.990196 0.328918 -0.321030 -0.959202 -1.585125 -2.198326 -2.798306 -3.384552 -3.956543 -4.513741 -5.055592 -5.581535 -6.091003 -6.583412 -7.058178 -7.514709 -7.952408 -8.370682 -8.768944 -9.146603 -9.503086 -9.837830 -10.150284 -9.195587 -8.238773 -7.279980 -6.319340 -5.356972 -4.392982 -3.427475 -2.460545 -1.492268 -0.522732 0.447994 1.419842)
(row 13.007935 12.201286 11.400326 10.605282 9.816383 9.033890 8.258045 7.489128 6.727417 5.973209 5.226803 4.488529 3.758720 3.037724 2.325901 1.623638 0.931328 0.249378 -0.421780 -1.081699 -1.729927 -2.365978 -2.989365 -3.599567 -4.196068 -4.778324 -5.345772 -5.897846 -6.433960 -6.953514 -7.455906 -7.940517 -8.406731 -8.853920 -9.281452 -9.688713 -10.075069 -10.439919 -10.782658 -9.837830 -8.890392 -7.940517 -6.988373 -6.034103 -5.077847 -4.119720 -3.159847 -2.198326 -1.235260 -0.270733 0.695168 1.662365)
(row 12.425957 11.611687 10.802959 10.000000 9.203041 8.412327 7.628117 6.850681 6.080299 5.317268 4.561890 3.814495 3.075417 2.345009 1.623638 0.911690 0.209560 -0.482327 -1.163540 -1.833622 -2.492107 -3.138504 -3.772305 -4.392982 -5.000000 -5.592793 -6.170788 -6.733383 -7.279980 -7.809956 -8.322670 -8.817482 -9.293736 -9.750778 -10.187943 -10.604568 -11.000000 -11.373585 -10.439919 -9.503086 -8.563301 -7.620762 -6.675644 -5.728111 -4.778324 -3.826416 -2.872513 -1.916740 -0.959202 0.000000 0.960770 1.923019)
(row 11.854668 11.032776 10.216278 9.405388 8.600342 7.801384 7.008770 6.222771 5.443665 4.671749 3.907330 3.150730 2.402290 1.662365 0.931328 0.209560 -0.502525 -1.204510 -1.895947 -2.576378 -3.245319 -3.902279 -4.546730 -5.178131 -5.795929 -6.399540 -6.988373 -7.561810 -8.119217 -8.659946 -9.183338 -9.688713 -10.175385 -10.642662 -11.089848 -11.516239 -11.921135 -11.000000 -10.075069 -9.146603 -8.214836 -7.279980 -6.342239 -5.401794 -4.458809 -3.513443 -2.565834 -1.616119 -0.664413 0.289162 1.244511 2.201530)
(row 11.294373 10.464867 9.640591 8.821766 8.008621 7.201397 6.400352 5.605755 4.817879 4.037025 3.263496 2.497620 1.739731 0.990196 0.249378 -0.482327 -1.204510 -1.916740 -2.618568 -3.309528 -3.989132 -4.656864 -5.312195 -5.954571 -6.583412 -7.198132 -7.798103 -8.382694 -8.951248 -9.503086 -10.037518 -10.553833 -11.051315 -11.529232 -11.986843 -12.423412 -11.516239 -10.604568 -9.688713 -8.768944 -7.845524 -6.918682 -5.988640 -5.055592 -4.119720 -3.181202 -2.240185 -1.296818 -0.351234 0.596443 1.546097 2.497620)
(row 10.745369 9.908264 9.076221 8.249462 7.428215 6.612720 5.803226 5.000000 4.203320 3.413483 2.630787 1.855568 1.088158 0.328918 -0.421780 -1.163540 -1.895947 -2.618568 -3.330952 -4.032619 -4.723076 -5.401794 -6.068233 -6.721832 -7.361988 -7.988098 -8.599518 -9.195587 -9.775627 -10.338936 -10.884785 -11.412437 -11.921135 -12.410107 -12.878578 -11.986843 -11.089848 -10.187943 -9.281452 -8.370682 -7.455906 -6.537373 -5.615318 -4.689957 -3.761490 -2.830093 -1.895947 -0.959202 -0.020004 0.921509 1.865211 2.810986)
(row 10.207973 9.363289 8.523499 7.688820 6.859474 6.035702 5.217751 4.405884 3.600372 2.801514 2.009613 1.224995 0.447994 -0.321030 -1.081699 -1.833622 -2.576378 -3.309528 -4.032619 -4.745167 -5.446659 -6.136578 -6.814354 -7.479416 -8.131157 -8.768944 -9.392120 -10.000000 -10.591881 -11.167023 -11.724682 -12.264076 -12.784412 -13.284882 -12.410107 -11.529232 -10.642662 -9.750778 -8.853920 -7.952408 -7.046535 -6.136578 -5.222775 -4.305363 -3.384552 -2.460545 -1.533516 -0.603645 0.328918 1.264023 2.201530 3.141319)
(row 9.682495 8.830265 7.982754 7.140179 6.302753 5.470715 4.644306 3.823788 3.009434 2.201530 1.400391 0.606323 -0.180325 -0.959202 -1.729927 -2.492107 -3.245319 -3.989132 -4.723076 -5.446659 -6.159382 -6.860691 -7.550030 -8.226803 -8.890392 -9.540142 -10.175385 -10.795410 -11.399483 -11.986843 -12.556709 -13.108269 -13.640682 -12.784412 -11.921135 -11.051315 -10.175385 -9.293736 -8.406731 -7.514709 -6.617977 -5.716820 -4.811504 -3.902279 -2.989365 -2.072971 -1.153301 -0.230530 0.695168 1.623638 2.554733 3.488316)
(row 9.169250 8.309517 7.454330 6.603886 5.758408 4.918121 4.083267 3.254108 2.430908 1.613953 0.803543 0.000000 -0.796341 -1.585125 -2.365978 -3.138504 -3.902279 -4.656864 -5.401794 -6.136578 -6.860691 -7.573593 -8.274708 -8.963432 -9.639130 -10.301132 -10.948753 -11.581253 -12.197884 -12.797852 -13.380333 -13.944489 -13.108269 -12.264076 -11.412437 -10.553833 -9.688713 -8.817482 -7.940517 -7.058178 -6.170788 -5.278641 -4.382023 -3.481186 -2.576378 -1.667816 -0.755711 0.159744 1.078373 2.000000 2.924477 3.851646)
(row 8.668560 7.801384 6.938564 6.080299 5.226803 4.378304 3.535034 2.697247 1.865211 1.039200 0.219517 -0.593521 -1.399590 -2.198326 -2.989365 -3.772305 -4.546730 -5.312195 -6.068233 -6.814354 -7.550030 -8.274708 -8.987808 -9.688713 -10.376774 -11.051315 -11.711620 -12.356941 -12.986488 -13.599449 -14.194973 -13.380333 -12.556709 -11.724682 -10.884785 -10.037518 -9.183338 -8.322670 -7.455906 -6.583412 -5.705532 -4.822571 -3.934830 -3.042572 -2.146057 -1.245514 -0.341164 0.566788 1.478149 2.392746 3.310413 4.230988)
(row 8.180752 7.306194 6.435802 5.569775 4.708317 3.851646 3.000000 2.153618 1.312767 0.477718 -0.351234 -1.173779 -1.989586 -2.798306 -3.599567 -4.392982 -5.178131 -5.954571 -6.721832 -7.479416 -8.226803 -8.963432 -9.688713 -10.402020 -11.102699 -11.790054 -12.463352 -13.121822 -13.764660 -14.391014 -13.599449 -12.797852 -11.986843 -11.167023 -10.338936 -9.503086 -8.659946 -7.809956 -6.953514 -6.091003 -5.222775 -4.349152 -3.470440 -2.586922 -1.698860 -0.806503 0.089920 0.990196 1.894123 2.801514 3.712196 4.625999)
(row 7.706150 6.824291 5.946404 5.072678 4.203320 3.338543 2.478569 1.623638 0.774010 -0.070049 -0.908249 -1.740284 -2.565834 -3.384552 -4.196068 -5.000000 -5.795929 -6.583412 -7.361988 -8.131157 -8.890392 -9.639130 -10.376774 -11.102699 -11.816235 -12.516670 -13.203262 -13.875217 -14.531704 -13.764660 -12.986488 -12.197884 -11.399483 -10.591881 -9.775627 -8.951248 -8.119217 -7.279980 -6.433960 -5.581535 -4.723076 -3.858913 -2.989365 -2.114719 -1.235260 -0.351234 0.537117 1.429562 2.325901 3.225933 4.129475 5.036350)
(row 7.245087 6.356010 5.470715 4.589378 3.712196 2.839378 1.971146 1.107731 0.249378 -0.603645 -1.451057 -2.292557 -3.127834 -3.956543 -4.778324 -5.592793 -6.399540 -7.198132 -7.988098 -8.768944 -9.540142 -10.301132 -11.051315 -11.790054 -12.516670 -13.230446 -13.930622 -14.616386 -13.875217 -13.121822 -12.356941 -11.581253 -10.795410 -10.000000 -9.195587 -8.382694 -7.561810 -6.733383 -5.897846 -5.055592 -4.206985 -3.352386 -2.492107 -1.626453 -0.755711 0.119858 1.000000 1.884487 2.773098 3.665630 4.561890 5.461697)
(row 6.797886 5.901699 5.009090 4.120235 3.235325 2.354561 1.478149 0.606323 -0.260681 -1.122604 -1.979172 -2.830093 -3.675060 -4.513741 -5.345772 -6.170788 -6.988373 -7.798103 -8.599518 -9.392120 -10.175385 -10.948753 -11.711620 -12.463352 -13.203262 -13.930622 -14.644661 -13.930622 -13.203262 -12.463352 -11.711620 -10.948753 -10.175385 -9.392120 -8.599518 -7.798103 -6.988373 -6.170788 -5.345772 -4.513741 -3.675060 -2.830093 -1.979172 -1.122604 -0.260681 0.606323 1.478149 2.354561 3.235325 4.120235 5.009090 5.901699)
(row 6.364883 5.461697 4.561890 3.665630 2.773098 1.884487 1.000000 0.119858 -0.755711 -1.626453 -2.492107 -3.352386 -4.206985 -5.055592 -5.897846 -6.733383 -7.561810 -8.382694 -9.195587 -10.000000 -10.795410 -11.581253 -12.356941 -13.121822 -13.875217 -14.616386 -13.930622 -13.230446 -12.516670 -11.790054 -11.051315 -10.301132 -9.540142 -8.768944 -7.988098 -7.198132 -6.399540 -5.592793 -4.778324 -3.956543 -3.127834 -2.292557 -1.451057 -0.603645 0.249378 1.107731 1.971146 2.839378 3.712196 4.589378 5.470715 6.356010)
(row 5.946404 5.036350 4.129475 3.225933 2.325901 1.429562 0.537117 -0.351234 -1.235260 -2.114719 -2.989365 -3.858913 -4.723076 -5.581535 -6.433960 -7.279980 -8.119217 -8.951248 -9.775627 -10.591881 -11.399483 -12.197884 -12.986488 -13.764660 -14.531704 -13.875217 -13.203262 -12.516670 -11.816235 -11.102699 -10.376774 -9.639130 -8.890392 -8.131157 -7.361988 -6.583412 -5.795929 -5.000000 -4.196068 -3.384552 -2.565834 -1.740284 -0.908249 -0.070049 0.774010 1.623638 2.478569 3.338543 4.203320 5.072678 5.946404 6.824291)
(row 5.542774 4.625999 3.712196 2.801514 1.894123 0.990196 0.089920 -0.806503 -1.698860 -2.586922 -3.470440 -4.349152 -5.222775 -6.091003 -6.953514 -7.809956 -8.659946 -9.503086 -10.338936 -11.167023 -11.986843 -12.797852 -13.599449 -14.391014 -13.764660 -13.121822 -12.463352 -11.790054 -11.102699 -10.402020 -9.688713 -8.963432 -8.226803 -7.479416 -6.721832 -5.954571 -5.178131 -4.392982 -3.599567 -2.798306 -1.989586 -1.173779 -0.351234 0.477718 1.312767 2.153618 3.000000 3.851646 4.708317 5.569775 6.435802 7.306194)
(row 5.154327 4.230988 3.310413 2.392746 1.478149 0.566788 -0.341164 -1.245514 -2.146057 -3.042572 -3.934830 -4.822571 -5.705532 -6.583412 -7.455906 -8.322670 -9.183338 -10.037518 -10.884785 -11.724682 -12.556709 -13.380333 -14.194973 -13.599449 -12.986488 -12.356941 -11.711620 -11.051315 -10.376774 -9.688713 -8.987808 -8.274708 -7.550030 -6.814354 -6.068233 -5.312195 -4.546730 -3.772305 -2.989365 -2.198326 -1.399590 -0.593521 0.219517 1.039200 1.865211 2.697247 3.535034 4.378304 5.226803 6.080299 6.938564 7.801384)
(row 4.781384 3.851646 2.924477 2.000000 1.078373 0.159744 -0.755711 -1.667816 -2.576378 -3.481186 -4.382023 -5.278641 -6.170788 -7.058178 -7.940517 -8.817482 -9.688713 -10.553833 -11.412437 -12.264076 -13.108269 -13.944489 -13.380333 -12.797852 -12.197884 -11.581253 -10.948753 -10.301132 -9.639130 -8.963432 -8.274708 -7.573593 -6.860691 -6.136578 -5.401794 -4.656864 -3.902279 -3.138504 -2.365978 -1.585125 -0.796341 0.000000 0.803543 1.613953 2.430908 3.254108 4.083267 4.918121 5.758408 6.603886 7.454330 8.309517)
(row 4.424259 3.488316 2.554733 1.623638 0.695168 -0.230530 -1.153301 -2.072971 -2.989365 -3.902279 -4.811504 -5.716820 -6.617977 -7.514709 -8.406731 -9.293736 -10.175385 -11.051315 -11.921135 -12.784412 -13.640682 -13.108269 -12.556709 -11.986843 -11.399483 -10.795410 -10.175385 -9.540142 -8.890392 -8.226803 -7.550030 -6.860691 -6.159382 -5.446659 -4.723076 -3.989132 -3.245319 -2.492107 -1.729927 -0.959202 -0.180325 0.606323 1.400391 2.201530 3.009434 3.823788 4.644306 5.470715 6.302753 7.140179 7.982754 8.830265)
(row 4.083267 3.141319 2.201530 1.264023 0.328918 -0.603645 -1.533516 -2.460545 -3.384552 -4.305363 -5.222775 -6.136578 -7.046535 -7.952408 -8.853920 -9.750778 -10.642662 -11.529232 -12.410107 -13.284882 -12.784412 -12.264076 -11.724682 -11.167023 -10.591881 -10.000000 -9.392120 -8.768944 -8.131157 -7.479416 -6.814354 -6.136578 -5.446659 -4.745167 -4.032619 -3.309528 -2.576378 -1.833622 -1.081699 -0.321030 0.447994 1.224995 2.009613 2.801514 3.600372 4.405884 5.217751 6.035702 6.859474 7.688820 8.523499 9.363289)
(row 3.758720 2.810986 1.865211 0.921509 -0.020004 -0.959202 -1.895947 -2.830093 -3.761490 -4.689957 -5.615318 -6.537373 -7.455906 -8.370682 -9.281452 -10.187943 -11.089848 -11.986843 -12.878578 -12.410107 -11.921135 -11.412437 -10.884785 -10.338936 -9.775627 -9.195587 -8.599518 -7.988098 -7.361988 -6.721832 -6.068233 -5.401794 -4.723076 -4.032619 -3.330952 -2.618568 -1.895947 -1.163540 -0.421780 0.328918 1.088158 1.855568 2.630787 3.413483 4.203320 5.000000 5.803226 6.612720 7.428215 8.249462 9.076221 9.908264)
(row 3.450912 2.497620 1.546097 0.596443 -0.351234 -1.296818 -2.240185 -3.181202 -4.119720 -5.055592 -5.988640 -6.918682 -7.845524 -8.768944 -9.688713 -10.604568 -11.516239 -12.423412 -11.986843 -11.529232 -11.051315 -10.553833 -10.037518 -9.503086 -8.951248 -8.382694 -7.798103 -7.198132 -6.583412 -5.954571 -5.312195 -4.656864 -3.989132 -3.309528 -2.618568 -1.916740 -1.204510 -0.482327 0.249378 0.990196 1.739731 2.497620 3.263496 4.037025 4.817879 5.605755 6.400352 7.201397 8.008621 8.821766 9.640591 10.464867)
(row 3.160133 2.201530 1.244511 0.289162 -0.664413 -1.616119 -2.565834 -3.513443 -4.458809 -5.401794 -6.342239 -7.279980 -8.214836 -9.146603 -10.075069 -11.000000 -11.921135 -11.516239 -11.089848 -10.642662 -10.175385 -9.688713 -9.183338 -8.659946 -8.119217 -7.561810 -6.988373 -6.399540 -5.795929 -5.178131 -4.546730 -3.902279 -3.245319 -2.576378 -1.895947 -1.204510 -0.502525 0.209560 0.931328 1.662365 2.402290 3.150730 3.907330 4.671749 5.443665 6.222771 7.008770 7.801384 8.600342 9.405388 10.216278 11.032776)
(row 2.886669 1.923019 0.960770 0.000000 -0.959202 -1.916740 -2.872513 -3.826416 -4.778324 -5.728111 -6.675644 -7.620762 -8.563301 -9.503086 -10.439919 -11.373585 -11.000000 -10.604568 -10.187943 -9.750778 -9.293736 -8.817482 -8.322670 -7.809956 -7.279980 -6.733383 -6.170788 -5.592793 -5.000000 -4.392982 -3.772305 -3.138504 -2.492107 -1.833622 -1.163540 -0.482327 0.209560 0.911690 1.623638 2.345009 3.075417 3.814495 4.561890 5.317268 6.080299 6.850681 7.628117 8.412327 9.203041 10.000000 10.802959 11.611687)
(row 2.630787 1.662365 0.695168 -0.270733 -1.235260 -2.198326 -3.159847 -4.119720 -5.077847 -6.034103 -6.988373 -7.940517 -8.890392 -9.837830 -10.782658 -10.439919 -10.075069 -9.688713 -9.281452 -8.853920 -8.406731 -7.940517 -7.455906 -6.953514 -6.433960 -5.897846 -5.345772 -4.778324 -4.196068 -3.599567 -2.989365 -2.365978 -1.729927 -1.081699 -0.421780 0.249378 0.931328 1.623638 2.325901 3.037724 3.758720 4.488529 5.226803 5.973209 6.727417 7.489128 8.258045 9.033890 9.816383 10.605282 11.400326 12.201286)
(row 2.392746 1.419842 0.447994 -0.522732 -1.492268 -2.460545 -3.427475 -4.392982 -5.356972 -6.319340 -7.279980 -8.238773 -9.195587 -10.150284 -9.837830 -9.503086 -9.146603 -8.768944 -8.370682 -7.952408 -7.514709 -7.058178 -6.583412 -6.091003 -5.581535 -5.055592 -4.513741 -3.956543 -3.384552 -2.798306 -2.198326 -1.585125 -0.959202 -0.321030 0.328918 0.990196 1.662365 2.345009 3.037724 3.740116 4.451813 5.172455 5.901699 6.639210 7.384666 8.137768 8.898216 9.665737 10.440052 11.220913 12.008064 12.801273)
(row 2.172791 1.195702 0.219517 -0.755711 -1.729927 -2.703064 -3.675060 -4.645840 -5.615318 -6.583412 -7.550030 -8.515064 -9.478401 -9.195587 -8.890392 -8.563301 -8.214836 -7.845524 -7.455906 -7.046535 -6.617977 -6.170788 -5.705532 -5.222775 -4.723076 -4.206985 -3.675060 -3.127834 -2.565834 -1.989586 -1.399590 -0.796341 -0.180325 0.447994 1.088158 1.739731 2.402290 3.075417 3.758720 4.451813 5.154327 5.865910 6.586216 7.314919 8.051701 8.796257 9.548298 10.307545 11.073727 11.846584 12.625874 13.411354)
(row 1.971146 0.990196 0.009998 -0.969398 -1.947945 -2.925591 -3.902279 -4.877945 -5.852520 -6.825935 -7.798103 -8.768944 -8.515064 -8.238773 -7.940517 -7.620762 -7.279980 -6.918682 -6.537373 -6.136578 -5.716820 -5.278641 -4.822571 -4.349152 -3.858913 -3.352386 -2.830093 -2.292557 -1.740284 -1.173779 -0.593521 0.000000 0.606323 1.224995 1.855568 2.497620 3.150730 3.814495 4.488529 5.172455 5.865910 6.568542 7.280014 8.000000 8.728188 9.464275 10.207973 10.959003 11.717094 12.481998 13.253460 14.031242)
(row 1.788029 0.803543 -0.180325 -1.163540 -2.146057 -3.127834 -4.108826 -5.088978 -6.068233 -7.046535 -8.023815 -7.798103 -7.550030 -7.279980 -6.988373 -6.675644 -6.342239 -5.988640 -5.615318 -5.222775 -4.811504 -4.382023 -3.934830 -3.470440 -2.989365 -2.492107 -1.979172 -1.451057 -0.908249 -0.351234 0.219517 0.803543 1.400391 2.009613 2.630787 3.263496 3.907330 4.561890 5.226803 5.901699 6.586216 7.280014 7.982754 8.694122 9.413803 10.141499 10.876926 11.619801 12.369865 13.126858 13.890533 14.660652)
(row 1.623638 0.635956 -0.351234 -1.337898 -2.324009 -3.309528 -4.294422 -5.278641 -6.262146 -7.244884 -7.046535 -6.825935 -6.583412 -6.319340 -6.034103 -5.728111 -5.401794 -5.055592 -4.689957 -4.305363 -3.902279 -3.481186 -3.042572 -2.586922 -2.114719 -1.626453 -1.122604 -0.603645 -0.070049 0.477718 1.039200 1.613953 2.201530 2.801514 3.413483 4.037025 4.671749 5.317268 5.973209 6.639210 7.314919 8.000000 8.694122 9.396969 10.108234 10.827625 11.554852 12.289646 13.031738 13.780872 14.536812 15.299309)
(row 1.478149 0.487621 -0.502525 -1.492268 -2.481583 -3.470440 -4.458809 -5.446659 -6.433960 -6.262146 -6.068233 -5.852520 -5.615318 -5.356972 -5.077847 -4.778324 -4.458809 -4.119720 -3.761490 -3.384552 -2.989365 -2.576378 -2.146057 -1.698860 -1.235260 -0.755711 -0.260681 0.249378 0.774010 1.312767 1.865211 2.430908 3.009434 3.600372 4.203320 4.817879 5.443665 6.080299 6.727417 7.384666 8.051701 8.728188 9.413803 10.108234 10.811184 11.522354 12.241467 12.968246 13.702435 14.443771 15.192024 15.946945)
(row 1.351730 0.358711 -0.634018 -1.626453 -2.618568 -3.610348 -4.601761 -5.592793 -5.446659 -5.278641 -5.088978 -4.877945 -4.645840 -4.392982 -4.119720 -3.826416 -3.513443 -3.181202 -2.830093 -2.460545 -2.072971 -1.667816 -1.245514 -0.806503 -0.351234 0.119858 0.606323 1.107731 1.623638 2.153618 2.697247 3.254108 3.823788 4.405884 5.000000 5.605755 6.222771 6.850681 7.489128 8.137768 8.796257 9.464275 10.141499 10.827625 11.522354 12.225395 12.936474 13.655323 14.381676 15.115280 15.855904 16.603302)
(row 1.244511 0.249378 -0.745560 -1.740284 -2.734791 -3.729057 -4.723076 -4.601761 -4.458809 -4.294422 -4.108826 -3.902279 -3.675060 -3.427475 -3.159847 -2.872513 -2.565834 -2.240185 -1.895947 -1.533516 -1.153301 -0.755711 -0.341164 0.089920 0.537117 1.000000 1.478149 1.971146 2.478569 3.000000 3.535034 4.083267 4.644306 5.217751 5.803226 6.400352 7.008770 7.628117 8.258045 8.898216 9.548298 10.207973 10.876926 11.554852 12.241467 12.936474 13.639610 14.350601 15.069191 15.795135 16.528191 17.268120)
(row 1.156624 0.159744 -0.837006 -1.833622 -2.830093 -3.826416 -3.729057 -3.610348 -3.470440 -3.309528 -3.127834 -2.925591 -2.703064 -2.460545 -2.198326 -1.916740 -1.616119 -1.296818 -0.959202 -0.603645 -0.230530 0.159744 0.566788 0.990196 1.429562 1.884487 2.354561 2.839378 3.338543 3.851646 4.378304 4.918121 5.470715 6.035702 6.612720 7.201397 7.801384 8.412327 9.033890 9.665737 10.307545 10.959003 11.619801 12.289646 12.968246 13.655323 14.350601 15.053825 15.764732 16.483078 17.208633 17.941147)
(row 1.088158 0.089920 -0.908249 -1.906342 -2.904354 -2.830093 -2.734791 -2.618568 -2.481583 -2.324009 -2.146057 -1.947945 -1.729927 -1.492268 -1.235260 -0.959202 -0.664413 -0.351234 -0.020004 0.328918 0.695168 1.078373 1.478149 1.894123 2.325901 2.773098 3.235325 3.712196 4.203320 4.708317 5.226803 5.758408 6.302753 6.859474 7.428215 8.008621 8.600342 9.203041 9.816383 10.440052 11.073727 11.717094 12.369865 13.031738 13.702435 14.381676 15.069191 15.764732 16.468040 17.178864 17.896980 18.622154)
(row 1.039200 0.039986 -0.959202 -1.958351 -1.906342 -1.833622 -1.740284 -1.626453 -1.492268 -1.337898 -1.163540 -0.969398 -0.755711 -0.522732 -0.270733 0.000000 0.289162 0.596443 0.921509 1.264023 1.623638 2.000000 2.392746 2.801514 3.225933 3.665630 4.120235 4.589378 5.072678 5.569775 6.080299 6.603886 7.140179 7.688820 8.249462 8.821766 9.405388 10.000000 10.605282 11.220913 11.846584 12.481998 13.126858 13.780872 14.443771 15.115280 15.795135 16.483078 17.178864 17.882248 18.593002 19.310890)
(row 1.009804 0.009998 -0.989796 -0.959202 -0.908249 -0.837006 -0.745560 -0.634018 -0.502525 -0.351234 -0.180325 0.009998 0.219517 0.447994 0.695168 0.960770 1.244511 1.546097 1.865211 2.201530 2.554733 2.924477 3.310413 3.712196 4.129475 4.561890 5.009090 5.470715 5.946404 6.435802 6.938564 7.454330 7.982754 8.523499 9.076221 9.640591 10.216278 10.802959 11.400326 12.008064 12.625874 13.253460 13.890533 14.536812 15.192024 15.855904 16.528191 17.208633 17.896980 18.593002 19.296463 20.007141)
(row 1.000000 0.000000 0.009998 0.039986 0.089920 0.159744 0.249378 0.358711 0.487621 0.635956 0.803543 0.990196 1.195702 1.419842 1.662365 1.923019 2.201530 2.497620 2.810986 3.141319 3.488316 3.851646 4.230988 4.625999 5.036350 5.461697 5.901699 6.356010 6.824291 7.306194 7.801384 8.309517 8.830265 9.363289 9.908264 10.464867 11.032776 11.611687 12.201286 12.801273 13.411354 14.031242 14.660652 15.299309 15.946945 16.603302 17.268120 17.941147 18.622154 19.310890 20.007141 20.710678)
