(size 101 101)
(row 6.010407 5.350234 4.808846 4.430011 4.257347 4.315669 4.596194 5.062114 5.667892 6.373775 5.760407 5.100234 4.558846 4.180011 4.007347 4.065669 4.346194 4.812114 5.417892 6.123775 5.510407 4.850234 4.308846 3.930011 3.757347 3.815669 4.096194 4.562114 5.167892 5.873775 5.260407 4.600234 4.058846 3.680011 3.507347 3.565669 3.846194 4.312114 4.917892 5.623775 5.010407 4.350234 3.808846 3.430011 3.257347 3.315669 3.596194 4.062114 4.667892 5.373775 4.760407 4.100234 3.558846 3.180011 3.007347 3.065669 3.346194 3.812114 4.417892 5.123775 4.510407 3.850234 3.308846 2.930011 2.757347 2.815669 3.096194 3.562114 4.167892 4.873775 4.260407 3.600234 3.058846 2.680011 2.507347 2.565669 2.846194 3.312114 3.917892 4.623775 4.010407 3.350234 2.808846 2.430011 2.257347 2.315669 2.596194 3.062114 3.667892 4.373775 3.760407 3.100234 2.558846 2.180011 2.007347 2.065669 2.346194 2.812114 3.417892 4.123775 4.900175)
(row 5.350234 4.596194 3.952847 3.482097 3.259601 3.335416 3.691206 4.257347 4.962358 5.755432 5.100234 4.346194 3.702847 3.232097 3.009601 3.085416 3.441206 4.007347 4.712358 5.505432 4.850234 4.096194 3.452847 2.982097 2.759601 2.835416 3.191206 3.757347 4.462358 5.255432 4.600234 3.846194 3.202847 2.732097 2.509601 2.585416 2.941206 3.507347 4.212358 5.005432 4.350234 3.596194 2.952847 2.482097 2.259601 2.335416 2.691206 3.257347 3.962358 4.755432 4.100234 3.346194 2.702847 2.232097 2.009601 2.085416 2.441206 3.007347 3.712358 4.505432 3.850234 3.096194 2.452847 1.982097 1.759601 1.835416 2.191206 2.757347 3.462358 4.255432 3.600234 2.846194 2.202847 1.732097 1.509601 1.585416 1.941206 2.507347 3.212358 4.005432 3.350234 2.596194 1.952847 1.482097 1.259601 1.335416 1.691206 2.257347 2.962358 3.755432 3.100234 2.346194 1.702847 1.232097 1.009601 1.085416 1.441206 2.007347 2.712358 3.505432 4.354922)
(row 4.808846 3.952847 3.181981 2.573907 2.263846 2.371708 2.850439 3.553168 4.373214 5.255949 4.558846 3.702847 2.931981 2.323907 2.013846 2.121708 2.600439 3.303168 4.123214 5.005949 4.308846 3.452847 2.681981 2.073907 1.763846 1.871708 2.350439 3.053168 3.873214 4.755949 4.058846 3.202847 2.431981 1.823907 1.513846 1.621708 2.100439 2.803168 3.623214 4.505949 3.808846 2.952847 2.181981 1.573907 1.263846 1.371708 1.850439 2.553168 3.373214 4.255949 3.558846 2.702847 1.931981 1.323907 1.013846 1.121708 1.600439 2.303168 3.123214 4.005949 3.308846 2.452847 1.681981 1.073907 0.763846 0.871708 1.350439 2.053168 2.873214 3.755949 3.058846 2.202847 1.431981 0.823907 0.513846 0.621708 1.100439 1.803168 2.623214 3.505949 2.808846 1.952847 1.181981 0.573907 0.263846 0.371708 0.850439 1.553168 2.373214 3.255949 2.558846 1.702847 0.931981 0.323907 0.013846 0.121708 0.600439 1.303168 2.123214 3.005949 3.924544)
(row 4.430011 3.482097 2.573907 1.767767 1.274755 1.457738 2.150581 3.020761 3.952847 4.911721 4.180011 3.232097 2.323907 1.517767 1.024755 1.207738 1.900581 2.770761 3.702847 4.661721 3.930011 2.982097 2.073907 1.267767 0.774755 0.957738 1.650581 2.520761 3.452847 4.411721 3.680011 2.732097 1.823907 1.017767 0.524755 0.707738 1.400581 2.270761 3.202847 4.161721 3.430011 2.482097 1.573907 0.767767 0.274755 0.457738 1.150581 2.020761 2.952847 3.911721 3.180011 2.232097 1.323907 0.517767 0.024755 0.207738 0.900581 1.770761 2.702847 3.661721 2.930011 1.982097 1.073907 0.267767 -0.225245 -0.042262 0.650581 1.520761 2.452847 3.411721 2.680011 1.732097 0.823907 0.017767 -0.475245 -0.292262 0.400581 1.270761 2.202847 3.161721 2.430011 1.482097 0.573907 -0.232233 -0.725245 -0.542262 0.150581 1.020761 1.952847 2.911721 2.180011 1.232097 0.323907 -0.482233 -0.975245 -0.792262 -0.099419 0.770761 1.702847 2.661721 3.634301)
(row 4.257347 3.259601 2.263846 1.274755 0.353553 0.790569 1.767767 2.761340 3.758324 4.756575 4.007347 3.009601 2.013846 1.024755 0.103553 0.540569 1.517767 2.511340 3.508324 4.506575 3.757347 2.759601 1.763846 0.774755 -0.146447 0.290569 1.267767 2.261340 3.258324 4.256575 3.507347 2.509601 1.513846 0.524755 -0.396447 0.040569 1.017767 2.011340 3.008324 4.006575 3.257347 2.259601 1.263846 0.274755 -0.646447 -0.209431 0.767767 1.761340 2.758324 3.756575 3.007347 2.009601 1.013846 0.024755 -0.896447 -0.459431 0.517767 1.511340 2.508324 3.506575 2.757347 1.759601 0.763846 -0.225245 -1.146447 -0.709431 0.267767 1.261340 2.258324 3.256575 2.507347 1.509601 0.513846 -0.475245 -1.396447 -0.959431 0.017767 1.011340 2.008324 3.006575 2.257347 1.259601 0.263846 -0.725245 -1.646447 -1.209431 -0.232233 0.761340 1.758324 2.756575 2.007347 1.009601 0.013846 -0.975245 -1.896447 -1.459431 -0.482233 0.511340 1.508324 2.506575 3.505432)
(row 4.315669 3.335416 2.371708 1.457738 0.790569 1.060660 1.903943 2.850439 3.824265 4.808846 4.065669 3.085416 2.121708 1.207738 0.540569 0.810660 1.653943 2.600439 3.574265 4.558846 3.815669 2.835416 1.871708 0.957738 0.290569 0.560660 1.403943 2.350439 3.324265 4.308846 3.565669 2.585416 1.621708 0.707738 0.040569 0.310660 1.153943 2.100439 3.074265 4.058846 3.315669 2.335416 1.371708 0.457738 -0.209431 0.060660 0.903943 1.850439 2.824265 3.808846 3.065669 2.085416 1.121708 0.207738 -0.459431 -0.189340 0.653943 1.600439 2.574265 3.558846 2.815669 1.835416 0.871708 -0.042262 -0.709431 -0.439340 0.403943 1.350439 2.324265 3.308846 2.565669 1.585416 0.621708 -0.292262 -0.959431 -0.689340 0.153943 1.100439 2.074265 3.058846 2.315669 1.335416 0.371708 -0.542262 -1.209431 -0.939340 -0.096057 0.850439 1.824265 2.808846 2.065669 1.085416 0.121708 -0.792262 -1.459431 -1.189340 -0.346057 0.600439 1.574265 2.558846 3.548707)
(row 4.596194 3.691206 2.850439 2.150581 1.767767 1.903943 2.474874 3.259601 4.138236 5.062114 4.346194 3.441206 2.600439 1.900581 1.517767 1.653943 2.224874 3.009601 3.888236 4.812114 4.096194 3.191206 2.350439 1.650581 1.267767 1.403943 1.974874 2.759601 3.638236 4.562114 3.846194 2.941206 2.100439 1.400581 1.017767 1.153943 1.724874 2.509601 3.388236 4.312114 3.596194 2.691206 1.850439 1.150581 0.767767 0.903943 1.474874 2.259601 3.138236 4.062114 3.346194 2.441206 1.600439 0.900581 0.517767 0.653943 1.224874 2.009601 2.888236 3.812114 3.096194 2.191206 1.350439 0.650581 0.267767 0.403943 0.974874 1.759601 2.638236 3.562114 2.846194 1.941206 1.100439 0.400581 0.017767 0.153943 0.724874 1.509601 2.388236 3.312114 2.596194 1.691206 0.850439 0.150581 -0.232233 -0.096057 0.474874 1.259601 2.138236 3.062114 2.346194 1.441206 0.600439 -0.099419 -0.482233 -0.346057 0.224874 1.009601 1.888236 2.812114 3.760407)
(row 5.062114 4.257347 3.553168 3.020761 2.761340 2.850439 3.259601 3.889087 4.650269 5.488625 4.812114 4.007347 3.303168 2.770761 2.511340 2.600439 3.009601 3.639087 4.400269 5.238625 4.562114 3.757347 3.053168 2.520761 2.261340 2.350439 2.759601 3.389087 4.150269 4.988625 4.312114 3.507347 2.803168 2.270761 2.011340 2.100439 2.509601 3.139087 3.900269 4.738625 4.062114 3.257347 2.553168 2.020761 1.761340 1.850439 2.259601 2.889087 3.650269 4.488625 3.812114 3.007347 2.303168 1.770761 1.511340 1.600439 2.009601 2.639087 3.400269 4.238625 3.562114 2.757347 2.053168 1.520761 1.261340 1.350439 1.759601 2.389087 3.150269 3.988625 3.312114 2.507347 1.803168 1.270761 1.011340 1.100439 1.509601 2.139087 2.900269 3.738625 3.062114 2.257347 1.553168 1.020761 0.761340 0.850439 1.259601 1.889087 2.650269 3.488625 2.812114 2.007347 1.303168 0.770761 0.511340 0.600439 1.009601 1.639087 2.400269 3.238625 4.123775)
(row 5.667892 4.962358 4.373214 3.952847 3.758324 3.824265 4.138236 4.650269 5.303301 6.051859 5.417892 4.712358 4.123214 3.702847 3.508324 3.574265 3.888236 4.400269 5.053301 5.801859 5.167892 4.462358 3.873214 3.452847 3.258324 3.324265 3.638236 4.150269 4.803301 5.551859 4.917892 4.212358 3.623214 3.202847 3.008324 3.074265 3.388236 3.900269 4.553301 5.301859 4.667892 3.962358 3.373214 2.952847 2.758324 2.824265 3.138236 3.650269 4.303301 5.051859 4.417892 3.712358 3.123214 2.702847 2.508324 2.574265 2.888236 3.400269 4.053301 4.801859 4.167892 3.462358 2.873214 2.452847 2.258324 2.324265 2.638236 3.150269 3.803301 4.551859 3.917892 3.212358 2.623214 2.202847 2.008324 2.074265 2.388236 2.900269 3.553301 4.301859 3.667892 2.962358 2.373214 1.952847 1.758324 1.824265 2.138236 2.650269 3.303301 4.051859 3.417892 2.712358 2.123214 1.702847 1.508324 1.574265 1.888236 2.400269 3.053301 3.801859 4.614765)
(row 6.373775 5.755432 5.255949 4.911721 4.756575 4.808846 5.062114 5.488625 6.051859 6.717515 6.123775 5.505432 5.005949 4.661721 4.506575 4.558846 4.812114 5.238625 5.801859 6.467515 5.873775 5.255432 4.755949 4.411721 4.256575 4.308846 4.562114 4.988625 5.551859 6.217515 5.623775 5.005432 4.505949 4.161721 4.006575 4.058846 4.312114 4.738625 5.301859 5.967515 5.373775 4.755432 4.255949 3.911721 3.756575 3.808846 4.062114 4.488625 5.051859 5.717515 5.123775 4.505432 4.005949 3.661721 3.506575 3.558846 3.812114 4.238625 4.801859 5.467515 4.873775 4.255432 3.755949 3.411721 3.256575 3.308846 3.562114 3.988625 4.551859 5.217515 4.623775 4.005432 3.505949 3.161721 3.006575 3.058846 3.312114 3.738625 4.301859 4.967515 4.373775 3.755432 3.255949 2.911721 2.756575 2.808846 3.062114 3.488625 4.051859 4.717515 4.123775 3.505432 3.005949 2.661721 2.506575 2.558846 2.812114 3.238625 3.801859 4.467515 5.208217)
(row 5.760407 5.100234 4.558846 4.180011 4.007347 4.065669 4.346194 4.812114 5.417892 6.123775 5.510407 4.850234 4.308846 3.930011 3.757347 3.815669 4.096194 4.562114 5.167892 5.873775 5.260407 4.600234 4.058846 3.680011 3.507347 3.565669 3.846194 4.312114 4.917892 5.623775 5.010407 4.350234 3.808846 3.430011 3.257347 3.315669 3.596194 4.062114 4.667892 5.373775 4.760407 4.100234 3.558846 3.180011 3.007347 3.065669 3.346194 3.812114 4.417892 5.123775 4.510407 3.850234 3.308846 2.930011 2.757347 2.815669 3.096194 3.562114 4.167892 4.873775 4.260407 3.600234 3.058846 2.680011 2.507347 2.565669 2.846194 3.312114 3.917892 4.623775 4.010407 3.350234 2.808846 2.430011 2.257347 2.315669 2.596194 3.062114 3.667892 4.373775 3.760407 3.100234 2.558846 2.180011 2.007347 2.065669 2.346194 2.812114 3.417892 4.123775 3.510407 2.850234 2.308846 1.930011 1.757347 1.815669 2.096194 2.562114 3.167892 3.873775 4.650175)
(row 5.100234 4.346194 3.702847 3.232097 3.009601 3.085416 3.441206 4.007347 4.712358 5.505432 4.850234 4.096194 3.452847 2.982097 2.759601 2.835416 3.191206 3.757347 4.462358 5.255432 4.600234 3.846194 3.202847 2.732097 2.509601 2.585416 2.941206 3.507347 4.212358 5.005432 4.350234 3.596194 2.952847 2.482097 2.259601 2.335416 2.691206 3.257347 3.962358 4.755432 4.100234 3.346194 2.702847 2.232097 2.009601 2.085416 2.441206 3.007347 3.712358 4.505432 3.850234 3.096194 2.452847 1.982097 1.759601 1.835416 2.191206 2.757347 3.462358 4.255432 3.600234 2.846194 2.202847 1.732097 1.509601 1.585416 1.941206 2.507347 3.212358 4.005432 3.350234 2.596194 1.952847 1.482097 1.259601 1.335416 1.691206 2.257347 2.962358 3.755432 3.100234 2.346194 1.702847 1.232097 1.009601 1.085416 1.441206 2.007347 2.712358 3.505432 2.850234 2.096194 1.452847 0.982097 0.759601 0.835416 1.191206 1.757347 2.462358 3.255432 4.104922)
(row 4.558846 3.702847 2.931981 2.323907 2.013846 2.121708 2.600439 3.303168 4.123214 5.005949 4.308846 3.452847 2.681981 2.073907 1.763846 1.871708 2.350439 3.053168 3.873214 4.755949 4.058846 3.202847 2.431981 1.823907 1.513846 1.621708 2.100439 2.803168 3.623214 4.505949 3.808846 2.952847 2.181981 1.573907 1.263846 1.371708 1.850439 2.553168 3.373214 4.255949 3.558846 2.702847 1.931981 1.323907 1.013846 1.121708 1.600439 2.303168 3.123214 4.005949 3.308846 2.452847 1.681981 1.073907 0.763846 0.871708 1.350439 2.053168 2.873214 3.755949 3.058846 2.202847 1.431981 0.823907 0.513846 0.621708 1.100439 1.803168 2.623214 3.505949 2.808846 1.952847 1.181981 0.573907 0.263846 0.371708 0.850439 1.553168 2.373214 3.255949 2.558846 1.702847 0.931981 0.323907 0.013846 0.121708 0.600439 1.303168 2.123214 3.005949 2.308846 1.452847 0.681981 0.073907 -0.236154 -0.128292 0.350439 1.053168 1.873214 2.755949 3.674544)
(row 4.180011 3.232097 2.323907 1.517767 1.024755 1.207738 1.900581 2.770761 3.702847 4.661721 3.930011 2.982097 2.073907 1.267767 0.774755 0.957738 1.650581 2.520761 3.452847 4.411721 3.680011 2.732097 1.823907 1.017767 0.524755 0.707738 1.400581 2.270761 3.202847 4.161721 3.430011 2.482097 1.573907 0.767767 0.274755 0.457738 1.150581 2.020761 2.952847 3.911721 3.180011 2.232097 1.323907 0.517767 0.024755 0.207738 0.900581 1.770761 2.702847 3.661721 2.930011 1.982097 1.073907 0.267767 -0.225245 -0.042262 0.650581 1.520761 2.452847 3.411721 2.680011 1.732097 0.823907 0.017767 -0.475245 -0.292262 0.400581 1.270761 2.202847 3.161721 2.430011 1.482097 0.573907 -0.232233 -0.725245 -0.542262 0.150581 1.020761 1.952847 2.911721 2.180011 1.232097 0.323907 -0.482233 -0.975245 -0.792262 -0.099419 0.770761 1.702847 2.661721 1.930011 0.982097 0.073907 -0.732233 -1.225245 -1.042262 -0.349419 0.520761 1.452847 2.411721 3.384301)
(row 4.007347 3.009601 2.013846 1.024755 0.103553 0.540569 1.517767 2.511340 3.508324 4.506575 3.757347 2.759601 1.763846 0.774755 -0.146447 0.290569 1.267767 2.261340 3.258324 4.256575 3.507347 2.509601 1.513846 0.524755 -0.396447 0.040569 1.017767 2.011340 3.008324 4.006575 3.257347 2.259601 1.263846 0.274755 -0.646447 -0.209431 0.767767 1.761340 2.758324 3.756575 3.007347 2.009601 1.013846 0.024755 -0.896447 -0.459431 0.517767 1.511340 2.508324 3.506575 2.757347 1.759601 0.763846 -0.225245 -1.146447 -0.709431 0.267767 1.261340 2.258324 3.256575 2.507347 1.509601 0.513846 -0.475245 -1.396447 -0.959431 0.017767 1.011340 2.008324 3.006575 2.257347 1.259601 0.263846 -0.725245 -1.646447 -1.209431 -0.232233 0.761340 1.758324 2.756575 2.007347 1.009601 0.013846 -0.975245 -1.896447 -1.459431 -0.482233 0.511340 1.508324 2.506575 1.757347 0.759601 -0.236154 -1.225245 -2.146447 -1.709431 -0.732233 0.261340 1.258324 2.256575 3.255432)
(row 4.065669 3.085416 2.121708 1.207738 0.540569 0.810660 1.653943 2.600439 3.574265 4.558846 3.815669 2.835416 1.871708 0.957738 0.290569 0.560660 1.403943 2.350439 3.324265 4.308846 3.565669 2.585416 1.621708 0.707738 0.040569 0.310660 1.153943 2.100439 3.074265 4.058846 3.315669 2.335416 1.371708 0.457738 -0.209431 0.060660 0.903943 1.850439 2.824265 3.808846 3.065669 2.085416 1.121708 0.207738 -0.459431 -0.189340 0.653943 1.600439 2.574265 3.558846 2.815669 1.835416 0.871708 -0.042262 -0.709431 -0.439340 0.403943 1.350439 2.324265 3.308846 2.565669 1.585416 0.621708 -0.292262 -0.959431 -0.689340 0.153943 1.100439 2.074265 3.058846 2.315669 1.335416 0.371708 -0.542262 -1.209431 -0.939340 -0.096057 0.850439 1.824265 2.808846 2.065669 1.085416 0.121708 -0.792262 -1.459431 -1.189340 -0.346057 0.600439 1.574265 2.558846 1.815669 0.835416 -0.128292 -1.042262 -1.709431 -1.439340 -0.596057 0.350439 1.324265 2.308846 3.298707)
(row 4.346194 3.441206 2.600439 1.900581 1.517767 1.653943 2.224874 3.009601 3.888236 4.812114 4.096194 3.191206 2.350439 1.650581 1.267767 1.403943 1.974874 2.759601 3.638236 4.562114 3.846194 2.941206 2.100439 1.400581 1.017767 1.153943 1.724874 2.509601 3.388236 4.312114 3.596194 2.691206 1.850439 1.150581 0.767767 0.903943 1.474874 2.259601 3.138236 4.062114 3.346194 2.441206 1.600439 0.900581 0.517767 0.653943 1.224874 2.009601 2.888236 3.812114 3.096194 2.191206 1.350439 0.650581 0.267767 0.403943 0.974874 1.759601 2.638236 3.562114 2.846194 1.941206 1.100439 0.400581 0.017767 0.153943 0.724874 1.509601 2.388236 3.312114 2.596194 1.691206 0.850439 0.150581 -0.232233 -0.096057 0.474874 1.259601 2.138236 3.062114 2.346194 1.441206 0.600439 -0.099419 -0.482233 -0.346057 0.224874 1.009601 1.888236 2.812114 2.096194 1.191206 0.350439 -0.349419 -0.732233 -0.596057 -0.025126 0.759601 1.638236 2.562114 3.510407)
(row 4.812114 4.007347 3.303168 2.770761 2.511340 2.600439 3.009601 3.639087 4.400269 5.238625 4.562114 3.757347 3.053168 2.520761 2.261340 2.350439 2.759601 3.389087 4.150269 4.988625 4.312114 3.507347 2.803168 2.270761 2.011340 2.100439 2.509601 3.139087 3.900269 4.738625 4.062114 3.257347 2.553168 2.020761 1.761340 1.850439 2.259601 2.889087 3.650269 4.488625 3.812114 3.007347 2.303168 1.770761 1.511340 1.600439 2.009601 2.639087 3.400269 4.238625 3.562114 2.757347 2.053168 1.520761 1.261340 1.350439 1.759601 2.389087 3.150269 3.988625 3.312114 2.507347 1.803168 1.270761 1.011340 1.100439 1.509601 2.139087 2.900269 3.738625 3.062114 2.257347 1.553168 1.020761 0.761340 0.850439 1.259601 1.889087 2.650269 3.488625 2.812114 2.007347 1.303168 0.770761 0.511340 0.600439 1.009601 1.639087 2.400269 3.238625 2.562114 1.757347 1.053168 0.520761 0.261340 0.350439 0.759601 1.389087 2.150269 2.988625 3.873775)
(row 5.417892 4.712358 4.123214 3.702847 3.508324 3.574265 3.888236 4.400269 5.053301 5.801859 5.167892 4.462358 3.873214 3.452847 3.258324 3.324265 3.638236 4.150269 4.803301 5.551859 4.917892 4.212358 3.623214 3.202847 3.008324 3.074265 3.388236 3.900269 4.553301 5.301859 4.667892 3.962358 3.373214 2.952847 2.758324 2.824265 3.138236 3.650269 4.303301 5.051859 4.417892 3.712358 3.123214 2.702847 2.508324 2.574265 2.888236 3.400269 4.053301 4.801859 4.167892 3.462358 2.873214 2.452847 2.258324 2.324265 2.638236 3.150269 3.803301 4.551859 3.917892 3.212358 2.623214 2.202847 2.008324 2.074265 2.388236 2.900269 3.553301 4.301859 3.667892 2.962358 2.373214 1.952847 1.758324 1.824265 2.138236 2.650269 3.303301 4.051859 3.417892 2.712358 2.123214 1.702847 1.508324 1.574265 1.888236 2.400269 3.053301 3.801859 3.167892 2.462358 1.873214 1.452847 1.258324 1.324265 1.638236 2.150269 2.803301 3.551859 4.364765)
(row 6.123775 5.505432 5.005949 4.661721 4.506575 4.558846 4.812114 5.238625 5.801859 6.467515 5.873775 5.255432 4.755949 4.411721 4.256575 4.308846 4.562114 4.988625 5.551859 6.217515 5.623775 5.005432 4.505949 4.161721 4.006575 4.058846 4.312114 4.738625 5.301859 5.967515 5.373775 4.755432 4.255949 3.911721 3.756575 3.808846 4.062114 4.488625 5.051859 5.717515 5.123775 4.505432 4.005949 3.661721 3.506575 3.558846 3.812114 4.238625 4.801859 5.467515 4.873775 4.255432 3.755949 3.411721 3.256575 3.308846 3.562114 3.988625 4.551859 5.217515 4.623775 4.005432 3.505949 3.161721 3.006575 3.058846 3.312114 3.738625 4.301859 4.967515 4.373775 3.755432 3.255949 2.911721 2.756575 2.808846 3.062114 3.488625 4.051859 4.717515 4.123775 3.505432 3.005949 2.661721 2.506575 2.558846 2.812114 3.238625 3.801859 4.467515 3.873775 3.255432 2.755949 2.411721 2.256575 2.308846 2.562114 2.988625 3.551859 4.217515 4.958217)
(row 5.510407 4.850234 4.308846 3.930011 3.757347 3.815669 4.096194 4.562114 5.167892 5.873775 5.260407 4.600234 4.058846 3.680011 3.507347 3.565669 3.846194 4.312114 4.917892 5.623775 5.010407 4.350234 3.808846 3.430011 3.257347 3.315669 3.596194 4.062114 4.667892 5.373775 4.760407 4.100234 3.558846 3.180011 3.007347 3.065669 3.346194 3.812114 4.417892 5.123775 4.510407 3.850234 3.308846 2.930011 2.757347 2.815669 3.096194 3.562114 4.167892 4.873775 4.260407 3.600234 3.058846 2.680011 2.507347 2.565669 2.846194 3.312114 3.917892 4.623775 4.010407 3.350234 2.808846 2.430011 2.257347 2.315669 2.596194 3.062114 3.667892 4.373775 3.760407 3.100234 2.558846 2.180011 2.007347 2.065669 2.346194 2.812114 3.417892 4.123775 3.510407 2.850234 2.308846 1.930011 1.757347 1.815669 2.096194 2.562114 3.167892 3.873775 3.260407 2.600234 2.058846 1.680011 1.507347 1.565669 1.846194 2.312114 2.917892 3.623775 4.400175)
(row 4.850234 4.096194 3.452847 2.982097 2.759601 2.835416 3.191206 3.757347 4.462358 5.255432 4.600234 3.846194 3.202847 2.732097 2.509601 2.585416 2.941206 3.507347 4.212358 5.005432 4.350234 3.596194 2.952847 2.482097 2.259601 2.335416 2.691206 3.257347 3.962358 4.755432 4.100234 3.346194 2.702847 2.232097 2.009601 2.085416 2.441206 3.007347 3.712358 4.505432 3.850234 3.096194 2.452847 1.982097 1.759601 1.835416 2.191206 2.757347 3.462358 4.255432 3.600234 2.846194 2.202847 1.732097 1.509601 1.585416 1.941206 2.507347 3.212358 4.005432 3.350234 2.596194 1.952847 1.482097 1.259601 1.335416 1.691206 2.257347 2.962358 3.755432 3.100234 2.346194 1.702847 1.232097 1.009601 1.085416 1.441206 2.007347 2.712358 3.505432 2.850234 2.096194 1.452847 0.982097 0.759601 0.835416 1.191206 1.757347 2.462358 3.255432 2.600234 1.846194 1.202847 0.732097 0.509601 0.585416 0.941206 1.507347 2.212358 3.005432 3.854922)
(row 4.308846 3.452847 2.681981 2.073907 1.763846 1.871708 2.350439 3.053168 3.873214 4.755949 4.058846 3.202847 2.431981 1.823907 1.513846 1.621708 2.100439 2.803168 3.623214 4.505949 3.808846 2.952847 2.181981 1.573907 1.263846 1.371708 1.850439 2.553168 3.373214 4.255949 3.558846 2.702847 1.931981 1.323907 1.013846 1.121708 1.600439 2.303168 3.123214 4.005949 3.308846 2.452847 1.681981 1.073907 0.763846 0.871708 1.350439 2.053168 2.873214 3.755949 3.058846 2.202847 1.431981 0.823907 0.513846 0.621708 1.100439 1.803168 2.623214 3.505949 2.808846 1.952847 1.181981 0.573907 0.263846 0.371708 0.850439 1.553168 2.373214 3.255949 2.558846 1.702847 0.931981 0.323907 0.013846 0.121708 0.600439 1.303168 2.123214 3.005949 2.308846 1.452847 0.681981 0.073907 -0.236154 -0.128292 0.350439 1.053168 1.873214 2.755949 2.058846 1.202847 0.431981 -0.176093 -0.486154 -0.378292 0.100439 0.803168 1.623214 2.505949 3.424544)
(row 3.930011 2.982097 2.073907 1.267767 0.774755 0.957738 1.650581 2.520761 3.452847 4.411721 3.680011 2.732097 1.823907 1.017767 0.524755 0.707738 1.400581 2.270761 3.202847 4.161721 3.430011 2.482097 1.573907 0.767767 0.274755 0.457738 1.150581 2.020761 2.952847 3.911721 3.180011 2.232097 1.323907 0.517767 0.024755 0.207738 0.900581 1.770761 2.702847 3.661721 2.930011 1.982097 1.073907 0.267767 -0.225245 -0.042262 0.650581 1.520761 2.452847 3.411721 2.680011 1.732097 0.823907 0.017767 -0.475245 -0.292262 0.400581 1.270761 2.202847 3.161721 2.430011 1.482097 0.573907 -0.232233 -0.725245 -0.542262 0.150581 1.020761 1.952847 2.911721 2.180011 1.232097 0.323907 -0.482233 -0.975245 -0.792262 -0.099419 0.770761 1.702847 2.661721 1.930011 0.982097 0.073907 -0.732233 -1.225245 -1.042262 -0.349419 0.520761 1.452847 2.411721 1.680011 0.732097 -0.176093 -0.982233 -1.475245 -1.292262 -0.599419 0.270761 1.202847 2.161721 3.134301)
(row 3.757347 2.759601 1.763846 0.774755 -0.146447 0.290569 1.267767 2.261340 3.258324 4.256575 3.507347 2.509601 1.513846 0.524755 -0.396447 0.040569 1.017767 2.011340 3.008324 4.006575 3.257347 2.259601 1.263846 0.274755 -0.646447 -0.209431 0.767767 1.761340 2.758324 3.756575 3.007347 2.009601 1.013846 0.024755 -0.896447 -0.459431 0.517767 1.511340 2.508324 3.506575 2.757347 1.759601 0.763846 -0.225245 -1.146447 -0.709431 0.267767 1.261340 2.258324 3.256575 2.507347 1.509601 0.513846 -0.475245 -1.396447 -0.959431 0.017767 1.011340 2.008324 3.006575 2.257347 1.259601 0.263846 -0.725245 -1.646447 -1.209431 -0.232233 0.761340 1.758324 2.756575 2.007347 1.009601 0.013846 -0.975245 -1.896447 -1.459431 -0.482233 0.511340 1.508324 2.506575 1.757347 0.759601 -0.236154 -1.225245 -2.146447 -1.709431 -0.732233 0.261340 1.258324 2.256575 1.507347 0.509601 -0.486154 -1.475245 -2.396447 -1.959431 -0.982233 0.011340 1.008324 2.006575 3.005432)
(row 3.815669 2.835416 1.871708 0.957738 0.290569 0.560660 1.403943 2.350439 3.324265 4.308846 3.565669 2.585416 1.621708 0.707738 0.040569 0.310660 1.153943 2.100439 3.074265 4.058846 3.315669 2.335416 1.371708 0.457738 -0.209431 0.060660 0.903943 1.850439 2.824265 3.808846 3.065669 2.085416 1.121708 0.207738 -0.459431 -0.189340 0.653943 1.600439 2.574265 3.558846 2.815669 1.835416 0.871708 -0.042262 -0.709431 -0.439340 0.403943 1.350439 2.324265 3.308846 2.565669 1.585416 0.621708 -0.292262 -0.959431 -0.689340 0.153943 1.100439 2.074265 3.058846 2.315669 1.335416 0.371708 -0.542262 -1.209431 -0.939340 -0.096057 0.850439 1.824265 2.808846 2.065669 1.085416 0.121708 -0.792262 -1.459431 -1.189340 -0.346057 0.600439 1.574265 2.558846 1.815669 0.835416 -0.128292 -1.042262 -1.709431 -1.439340 -0.596057 0.350439 1.324265 2.308846 1.565669 0.585416 -0.378292 -1.292262 -1.959431 -1.689340 -0.846057 0.100439 1.074265 2.058846 3.048707)
(row 4.096194 3.191206 2.350439 1.650581 1.267767 1.403943 1.974874 2.759601 3.638236 4.562114 3.846194 2.941206 2.100439 1.400581 1.017767 1.153943 1.724874 2.509601 3.388236 4.312114 3.596194 2.691206 1.850439 1.150581 0.767767 0.903943 1.474874 2.259601 3.138236 4.062114 3.346194 2.441206 1.600439 0.900581 0.517767 0.653943 1.224874 2.009601 2.888236 3.812114 3.096194 2.191206 1.350439 0.650581 0.267767 0.403943 0.974874 1.759601 2.638236 3.562114 2.846194 1.941206 1.100439 0.400581 0.017767 0.153943 0.724874 1.509601 2.388236 3.312114 2.596194 1.691206 0.850439 0.150581 -0.232233 -0.096057 0.474874 1.259601 2.138236 3.062114 2.346194 1.441206 0.600439 -0.099419 -0.482233 -0.346057 0.224874 1.009601 1.888236 2.812114 2.096194 1.191206 0.350439 -0.349419 -0.732233 -0.596057 -0.025126 0.759601 1.638236 2.562114 1.846194 0.941206 0.100439 -0.599419 -0.982233 -0.846057 -0.275126 0.509601 1.388236 2.312114 3.260407)
(row 4.562114 3.757347 3.053168 2.520761 2.261340 2.350439 2.759601 3.389087 4.150269 4.988625 4.312114 3.507347 2.803168 2.270761 2.011340 2.100439 2.509601 3.139087 3.900269 4.738625 4.062114 3.257347 2.553168 2.020761 1.761340 1.850439 2.259601 2.889087 3.650269 4.488625 3.812114 3.007347 2.303168 1.770761 1.511340 1.600439 2.009601 2.639087 3.400269 4.238625 3.562114 2.757347 2.053168 1.520761 1.261340 1.350439 1.759601 2.389087 3.150269 3.988625 3.312114 2.507347 1.803168 1.270761 1.011340 1.100439 1.509601 2.139087 2.900269 3.738625 3.062114 2.257347 1.553168 1.020761 0.761340 0.850439 1.259601 1.889087 2.650269 3.488625 2.812114 2.007347 1.303168 0.770761 0.511340 0.600439 1.009601 1.639087 2.400269 3.238625 2.562114 1.757347 1.053168 0.520761 0.261340 0.350439 0.759601 1.389087 2.150269 2.988625 2.312114 1.507347 0.803168 0.270761 0.011340 0.100439 0.509601 1.139087 1.900269 2.738625 3.623775)
(row 5.167892 4.462358 3.873214 3.452847 3.258324 3.324265 3.638236 4.150269 4.803301 5.551859 4.917892 4.212358 3.623214 3.202847 3.008324 3.074265 3.388236 3.900269 4.553301 5.301859 4.667892 3.962358 3.373214 2.952847 2.758324 2.824265 3.138236 3.650269 4.303301 5.051859 4.417892 3.712358 3.123214 2.702847 2.508324 2.574265 2.888236 3.400269 4.053301 4.801859 4.167892 3.462358 2.873214 2.452847 2.258324 2.324265 2.638236 3.150269 3.803301 4.551859 3.917892 3.212358 2.623214 2.202847 2.008324 2.074265 2.388236 2.900269 3.553301 4.301859 3.667892 2.962358 2.373214 1.952847 1.758324 1.824265 2.138236 2.650269 3.303301 4.051859 3.417892 2.712358 2.123214 1.702847 1.508324 1.574265 1.888236 2.400269 3.053301 3.801859 3.167892 2.462358 1.873214 1.452847 1.258324 1.324265 1.638236 2.150269 2.803301 3.551859 2.917892 2.212358 1.623214 1.202847 1.008324 1.074265 1.388236 1.900269 2.553301 3.301859 4.114765)
(row 5.873775 5.255432 4.755949 4.411721 4.256575 4.308846 4.562114 4.988625 5.551859 6.217515 5.623775 5.005432 4.505949 4.161721 4.006575 4.058846 4.312114 4.738625 5.301859 5.967515 5.373775 4.755432 4.255949 3.911721 3.756575 3.808846 4.062114 4.488625 5.051859 5.717515 5.123775 4.505432 4.005949 3.661721 3.506575 3.558846 3.812114 4.238625 4.801859 5.467515 4.873775 4.255432 3.755949 3.411721 3.256575 3.308846 3.562114 3.988625 4.551859 5.217515 4.623775 4.005432 3.505949 3.161721 3.006575 3.058846 3.312114 3.738625 4.301859 4.967515 4.373775 3.755432 3.255949 2.911721 2.756575 2.808846 3.062114 3.488625 4.051859 4.717515 4.123775 3.505432 3.005949 2.661721 2.506575 2.558846 2.812114 3.238625 3.801859 4.467515 3.873775 3.255432 2.755949 2.411721 2.256575 2.308846 2.562114 2.988625 3.551859 4.217515 3.623775 3.005432 2.505949 2.161721 2.006575 2.058846 2.312114 2.738625 3.301859 3.967515 4.708217)
(row 5.260407 4.600234 4.058846 3.680011 3.507347 3.565669 3.846194 4.312114 4.917892 5.623775 5.010407 4.350234 3.808846 3.430011 3.257347 3.315669 3.596194 4.062114 4.667892 5.373775 4.760407 4.100234 3.558846 3.180011 3.007347 3.065669 3.346194 3.812114 4.417892 5.123775 4.510407 3.850234 3.308846 2.930011 2.757347 2.815669 3.096194 3.562114 4.167892 4.873775 4.260407 3.600234 3.058846 2.680011 2.507347 2.565669 2.846194 3.312114 3.917892 4.623775 4.010407 3.350234 2.808846 2.430011 2.257347 2.315669 2.596194 3.062114 3.667892 4.373775 3.760407 3.100234 2.558846 2.180011 2.007347 2.065669 2.346194 2.812114 3.417892 4.123775 3.510407 2.850234 2.308846 1.930011 1.757347 1.815669 2.096194 2.562114 3.167892 3.873775 3.260407 2.600234 2.058846 1.680011 1.507347 1.565669 1.846194 2.312114 2.917892 3.623775 3.010407 2.350234 1.808846 1.430011 1.257347 1.315669 1.596194 2.062114 2.667892 3.373775 4.150175)
(row 4.600234 3.846194 3.202847 2.732097 2.509601 2.585416 2.941206 3.507347 4.212358 5.005432 4.350234 3.596194 2.952847 2.482097 2.259601 2.335416 2.691206 3.257347 3.962358 4.755432 4.100234 3.346194 2.702847 2.232097 2.009601 2.085416 2.441206 3.007347 3.712358 4.505432 3.850234 3.096194 2.452847 1.982097 1.759601 1.835416 2.191206 2.757347 3.462358 4.255432 3.600234 2.846194 2.202847 1.732097 1.509601 1.585416 1.941206 2.507347 3.212358 4.005432 3.350234 2.596194 1.952847 1.482097 1.259601 1.335416 1.691206 2.257347 2.962358 3.755432 3.100234 2.346194 1.702847 1.232097 1.009601 1.085416 1.441206 2.007347 2.712358 3.505432 2.850234 2.096194 1.452847 0.982097 0.759601 0.835416 1.191206 1.757347 2.462358 3.255432 2.600234 1.846194 1.202847 0.732097 0.509601 0.585416 0.941206 1.507347 2.212358 3.005432 2.350234 1.596194 0.952847 0.482097 0.259601 0.335416 0.691206 1.257347 1.962358 2.755432 3.604922)
(row 4.058846 3.202847 2.431981 1.823907 1.513846 1.621708 2.100439 2.803168 3.623214 4.505949 3.808846 2.952847 2.181981 1.573907 1.263846 1.371708 1.850439 2.553168 3.373214 4.255949 3.558846 2.702847 1.931981 1.323907 1.013846 1.121708 1.600439 2.303168 3.123214 4.005949 3.308846 2.452847 1.681981 1.073907 0.763846 0.871708 1.350439 2.053168 2.873214 3.755949 3.058846 2.202847 1.431981 0.823907 0.513846 0.621708 1.100439 1.803168 2.623214 3.505949 2.808846 1.952847 1.181981 0.573907 0.263846 0.371708 0.850439 1.553168 2.373214 3.255949 2.558846 1.702847 0.931981 0.323907 0.013846 0.121708 0.600439 1.303168 2.123214 3.005949 2.308846 1.452847 0.681981 0.073907 -0.236154 -0.128292 0.350439 1.053168 1.873214 2.755949 2.058846 1.202847 0.431981 -0.176093 -0.486154 -0.378292 0.100439 0.803168 1.623214 2.505949 1.808846 0.952847 0.181981 -0.426093 -0.736154 -0.628292 -0.149561 0.553168 1.373214 2.255949 3.174544)
(row 3.680011 2.732097 1.823907 1.017767 0.524755 0.707738 1.400581 2.270761 3.202847 4.161721 3.430011 2.482097 1.573907 0.767767 0.274755 0.457738 1.150581 2.020761 2.952847 3.911721 3.180011 2.232097 1.323907 0.517767 0.024755 0.207738 0.900581 1.770761 2.702847 3.661721 2.930011 1.982097 1.073907 0.267767 -0.225245 -0.042262 0.650581 1.520761 2.452847 3.411721 2.680011 1.732097 0.823907 0.017767 -0.475245 -0.292262 0.400581 1.270761 2.202847 3.161721 2.430011 1.482097 0.573907 -0.232233 -0.725245 -0.542262 0.150581 1.020761 1.952847 2.911721 2.180011 1.232097 0.323907 -0.482233 -0.975245 -0.792262 -0.099419 0.770761 1.702847 2.661721 1.930011 0.982097 0.073907 -0.732233 -1.225245 -1.042262 -0.349419 0.520761 1.452847 2.411721 1.680011 0.732097 -0.176093 -0.982233 -1.475245 -1.292262 -0.599419 0.270761 1.202847 2.161721 1.430011 0.482097 -0.426093 -1.232233 -1.725245 -1.542262 -0.849419 0.020761 0.952847 1.911721 2.884301)
(row 3.507347 2.509601 1.513846 0.524755 -0.396447 0.040569 1.017767 2.011340 3.008324 4.006575 3.257347 2.259601 1.263846 0.274755 -0.646447 -0.209431 0.767767 1.761340 2.758324 3.756575 3.007347 2.009601 1.013846 0.024755 -0.896447 -0.459431 0.517767 1.511340 2.508324 3.506575 2.757347 1.759601 0.763846 -0.225245 -1.146447 -0.709431 0.267767 1.261340 2.258324 3.256575 2.507347 1.509601 0.513846 -0.475245 -1.396447 -0.959431 0.017767 1.011340 2.008324 3.006575 2.257347 1.259601 0.263846 -0.725245 -1.646447 -1.209431 -0.232233 0.761340 1.758324 2.756575 2.007347 1.009601 0.013846 -0.975245 -1.896447 -1.459431 -0.482233 0.511340 1.508324 2.506575 1.757347 0.759601 -0.236154 -1.225245 -2.146447 -1.709431 -0.732233 0.261340 1.258324 2.256575 1.507347 0.509601 -0.486154 -1.475245 -2.396447 -1.959431 -0.982233 0.011340 1.008324 2.006575 1.257347 0.259601 -0.736154 -1.725245 -2.646447 -2.209431 -1.232233 -0.238660 0.758324 1.756575 2.755432)
(row 3.565669 2.585416 1.621708 0.707738 0.040569 0.310660 1.153943 2.100439 3.074265 4.058846 3.315669 2.335416 1.371708 0.457738 -0.209431 0.060660 0.903943 1.850439 2.824265 3.808846 3.065669 2.085416 1.121708 0.207738 -0.459431 -0.189340 0.653943 1.600439 2.574265 3.558846 2.815669 1.835416 0.871708 -0.042262 -0.709431 -0.439340 0.403943 1.350439 2.324265 3.308846 2.565669 1.585416 0.621708 -0.292262 -0.959431 -0.689340 0.153943 1.100439 2.074265 3.058846 2.315669 1.335416 0.371708 -0.542262 -1.209431 -0.939340 -0.096057 0.850439 1.824265 2.808846 2.065669 1.085416 0.121708 -0.792262 -1.459431 -1.189340 -0.346057 0.600439 1.574265 2.558846 1.815669 0.835416 -0.128292 -1.042262 -1.709431 -1.439340 -0.596057 0.350439 1.324265 2.308846 1.565669 0.585416 -0.378292 -1.292262 -1.959431 -1.689340 -0.846057 0.100439 1.074265 2.058846 1.315669 0.335416 -0.628292 -1.542262 -2.209431 -1.939340 -1.096057 -0.149561 0.824265 1.808846 2.798707)
(row 3.846194 2.941206 2.100439 1.400581 1.017767 1.153943 1.724874 2.509601 3.388236 4.312114 3.596194 2.691206 1.850439 1.150581 0.767767 0.903943 1.474874 2.259601 3.138236 4.062114 3.346194 2.441206 1.600439 0.900581 0.517767 0.653943 1.224874 2.009601 2.888236 3.812114 3.096194 2.191206 1.350439 0.650581 0.267767 0.403943 0.974874 1.759601 2.638236 3.562114 2.846194 1.941206 1.100439 0.400581 0.017767 0.153943 0.724874 1.509601 2.388236 3.312114 2.596194 1.691206 0.850439 0.150581 -0.232233 -0.096057 0.474874 1.259601 2.138236 3.062114 2.346194 1.441206 0.600439 -0.099419 -0.482233 -0.346057 0.224874 1.009601 1.888236 2.812114 2.096194 1.191206 0.350439 -0.349419 -0.732233 -0.596057 -0.025126 0.759601 1.638236 2.562114 1.846194 0.941206 0.100439 -0.599419 -0.982233 -0.846057 -0.275126 0.509601 1.388236 2.312114 1.596194 0.691206 -0.149561 -0.849419 -1.232233 -1.096057 -0.525126 0.259601 1.138236 2.062114 3.010407)
(row 4.312114 3.507347 2.803168 2.270761 2.011340 2.100439 2.509601 3.139087 3.900269 4.738625 4.062114 3.257347 2.553168 2.020761 1.761340 1.850439 2.259601 2.889087 3.650269 4.488625 3.812114 3.007347 2.303168 1.770761 1.511340 1.600439 2.009601 2.639087 3.400269 4.238625 3.562114 2.757347 2.053168 1.520761 1.261340 1.350439 1.759601 2.389087 3.150269 3.988625 3.312114 2.507347 1.803168 1.270761 1.011340 1.100439 1.509601 2.139087 2.900269 3.738625 3.062114 2.257347 1.553168 1.020761 0.761340 0.850439 1.259601 1.889087 2.650269 3.488625 2.812114 2.007347 1.303168 0.770761 0.511340 0.600439 1.009601 1.639087 2.400269 3.238625 2.562114 1.757347 1.053168 0.520761 0.261340 0.350439 0.759601 1.389087 2.150269 2.988625 2.312114 1.507347 0.803168 0.270761 0.011340 0.100439 0.509601 1.139087 1.900269 2.738625 2.062114 1.257347 0.553168 0.020761 -0.238660 -0.149561 0.259601 0.889087 1.650269 2.488625 3.373775)
(row 4.917892 4.212358 3.623214 3.202847 3.008324 3.074265 3.388236 3.900269 4.553301 5.301859 4.667892 3.962358 3.373214 2.952847 2.758324 2.824265 3.138236 3.650269 4.303301 5.051859 4.417892 3.712358 3.123214 2.702847 2.508324 2.574265 2.888236 3.400269 4.053301 4.801859 4.167892 3.462358 2.873214 2.452847 2.258324 2.324265 2.638236 3.150269 3.803301 4.551859 3.917892 3.212358 2.623214 2.202847 2.008324 2.074265 2.388236 2.900269 3.553301 4.301859 3.667892 2.962358 2.373214 1.952847 1.758324 1.824265 2.138236 2.650269 3.303301 4.051859 3.417892 2.712358 2.123214 1.702847 1.508324 1.574265 1.888236 2.400269 3.053301 3.801859 3.167892 2.462358 1.873214 1.452847 1.258324 1.324265 1.638236 2.150269 2.803301 3.551859 2.917892 2.212358 1.623214 1.202847 1.008324 1.074265 1.388236 1.900269 2.553301 3.301859 2.667892 1.962358 1.373214 0.952847 0.758324 0.824265 1.138236 1.650269 2.303301 3.051859 3.864765)
(row 5.623775 5.005432 4.505949 4.161721 4.006575 4.058846 4.312114 4.738625 5.301859 5.967515 5.373775 4.755432 4.255949 3.911721 3.756575 3.808846 4.062114 4.488625 5.051859 5.717515 5.123775 4.505432 4.005949 3.661721 3.506575 3.558846 3.812114 4.238625 4.801859 5.467515 4.873775 4.255432 3.755949 3.411721 3.256575 3.308846 3.562114 3.988625 4.551859 5.217515 4.623775 4.005432 3.505949 3.161721 3.006575 3.058846 3.312114 3.738625 4.301859 4.967515 4.373775 3.755432 3.255949 2.911721 2.756575 2.808846 3.062114 3.488625 4.051859 4.717515 4.123775 3.505432 3.005949 2.661721 2.506575 2.558846 2.812114 3.238625 3.801859 4.467515 3.873775 3.255432 2.755949 2.411721 2.256575 2.308846 2.562114 2.988625 3.551859 4.217515 3.623775 3.005432 2.505949 2.161721 2.006575 2.058846 2.312114 2.738625 3.301859 3.967515 3.373775 2.755432 2.255949 1.911721 1.756575 1.808846 2.062114 2.488625 3.051859 3.717515 4.458217)
(row 5.010407 4.350234 3.808846 3.430011 3.257347 3.315669 3.596194 4.062114 4.667892 5.373775 4.760407 4.100234 3.558846 3.180011 3.007347 3.065669 3.346194 3.812114 4.417892 5.123775 4.510407 3.850234 3.308846 2.930011 2.757347 2.815669 3.096194 3.562114 4.167892 4.873775 4.260407 3.600234 3.058846 2.680011 2.507347 2.565669 2.846194 3.312114 3.917892 4.623775 4.010407 3.350234 2.808846 2.430011 2.257347 2.315669 2.596194 3.062114 3.667892 4.373775 3.760407 3.100234 2.558846 2.180011 2.007347 2.065669 2.346194 2.812114 3.417892 4.123775 3.510407 2.850234 2.308846 1.930011 1.757347 1.815669 2.096194 2.562114 3.167892 3.873775 3.260407 2.600234 2.058846 1.680011 1.507347 1.565669 1.846194 2.312114 2.917892 3.623775 3.010407 2.350234 1.808846 1.430011 1.257347 1.315669 1.596194 2.062114 2.667892 3.373775 2.760407 2.100234 1.558846 1.180011 1.007347 1.065669 1.346194 1.812114 2.417892 3.123775 3.900175)
(row 4.350234 3.596194 2.952847 2.482097 2.259601 2.335416 2.691206 3.257347 3.962358 4.755432 4.100234 3.346194 2.702847 2.232097 2.009601 2.085416 2.441206 3.007347 3.712358 4.505432 3.850234 3.096194 2.452847 1.982097 1.759601 1.835416 2.191206 2.757347 3.462358 4.255432 3.600234 2.846194 2.202847 1.732097 1.509601 1.585416 1.941206 2.507347 3.212358 4.005432 3.350234 2.596194 1.952847 1.482097 1.259601 1.335416 1.691206 2.257347 2.962358 3.755432 3.100234 2.346194 1.702847 1.232097 1.009601 1.085416 1.441206 2.007347 2.712358 3.505432 2.850234 2.096194 1.452847 0.982097 0.759601 0.835416 1.191206 1.757347 2.462358 3.255432 2.600234 1.846194 1.202847 0.732097 0.509601 0.585416 0.941206 1.507347 2.212358 3.005432 2.350234 1.596194 0.952847 0.482097 0.259601 0.335416 0.691206 1.257347 1.962358 2.755432 2.100234 1.346194 0.702847 0.232097 0.009601 0.085416 0.441206 1.007347 1.712358 2.505432 3.354922)
(row 3.808846 2.952847 2.181981 1.573907 1.263846 1.371708 1.850439 2.553168 3.373214 4.255949 3.558846 2.702847 1.931981 1.323907 1.013846 1.121708 1.600439 2.303168 3.123214 4.005949 3.308846 2.452847 1.681981 1.073907 0.763846 0.871708 1.350439 2.053168 2.873214 3.755949 3.058846 2.202847 1.431981 0.823907 0.513846 0.621708 1.100439 1.803168 2.623214 3.505949 2.808846 1.952847 1.181981 0.573907 0.263846 0.371708 0.850439 1.553168 2.373214 3.255949 2.558846 1.702847 0.931981 0.323907 0.013846 0.121708 0.600439 1.303168 2.123214 3.005949 2.308846 1.452847 0.681981 0.073907 -0.236154 -0.128292 0.350439 1.053168 1.873214 2.755949 2.058846 1.202847 0.431981 -0.176093 -0.486154 -0.378292 0.100439 0.803168 1.623214 2.505949 1.808846 0.952847 0.181981 -0.426093 -0.736154 -0.628292 -0.149561 0.553168 1.373214 2.255949 1.558846 0.702847 -0.068019 -0.676093 -0.986154 -0.878292 -0.399561 0.303168 1.123214 2.005949 2.924544)
