(size 164 164)
(row 2.828427 2.236068 2.000000 2.000000 2.384227 2.719890 2.928932 3.000000 2.928932 2.719890 2.384227 2.000000 2.000000 2.000000 2.000000 2.000000 2.000000 2.000000 2.000000 2.000000 2.000000 2.000000 2.000000 2.000000 2.000000 2.000000 2.000000 2.000000 2.000000 2.000000 2.000000 2.000000 2.000000 2.000000 2.384227 2.719890 2.928932 3.000000 2.928932 2.719890 2.384227 2.000000 2.000000 2.000000 2.000000 2.000000 2.000000 2.000000 2.000000 2.000000 2.000000 2.000000 2.000000 2.000000 2.000000 2.000000 2.000000 2.000000 2.000000 2.000000 2.000000 2.000000 2.000000 2.000000 2.384227 2.719890 2.928932 3.000000 2.928932 2.719890 2.384227 2.000000 2.000000 2.000000 2.000000 2.000000 2.000000 2.000000 2.000000 2.000000 2.000000 2.000000 2.000000 2.000000 2.000000 2.000000 2.000000 2.000000 2.000000 2.000000 2.000000 2.000000 2.000000 2.000000 2.384227 2.719890 2.928932 3.000000 2.928932 2.719890 2.384227 2.000000 2.000000 2.000000 2.000000 2.000000 2.000000 2.000000 2.000000 2.000000 2.000000 2.000000 2.000000 2.000000 2.000000 2.000000 2.000000 2.000000 2.000000 2.000000 2.000000 2.000000 2.000000 2.000000 2.000000 2.000000 2.000000 2.000000 2.000000 2.000000 2.000000 2.000000 2.000000 2.000000 2.000000 2.000000 2.000000 2.000000 2.000000 2.000000 2.000000 2.000000 2.000000 2.000000 2.000000 2.000000 2.000000 2.000000 2.000000 2.000000 2.000000 2.000000 2.000000 2.000000 2.000000 2.000000 2.000000 2.000000 2.000000 2.000000 2.000000 2.000000 2.000000 2.236068)
(row 2.236068 1.514719 2.189750 2.788898 3.291796 3.675445 3.917237 4.000000 3.917237 3.675445 3.291796 2.788898 2.189750 1.514719 1.000000 1.000000 1.000000 1.000000 1.000000 1.000000 1.000000 1.000000 1.000000 1.000000 1.000000 1.000000 1.000000 1.000000 1.000000 1.000000 1.000000 1.514719 2.189750 2.788898 3.291796 3.675445 3.917237 4.000000 3.917237 3.675445 3.291796 2.788898 2.189750 1.514719 1.000000 1.000000 1.000000 1.000000 1.000000 1.000000 1.000000 1.000000 1.000000 1.000000 1.000000 1.000000 1.000000 1.000000 1.000000 1.000000 1.000000 1.514719 2.189750 2.788898 3.291796 3.675445 3.917237 4.000000 3.917237 3.675445 3.291796 2.788898 2.189750 1.514719 1.000000 1.000000 1.000000 1.000000 1.000000 1.000000 1.000000 1.000000 1.000000 1.000000 1.000000 1.000000 1.000000 1.000000 1.000000 1.000000 1.000000 1.514719 2.189750 2.788898 3.291796 3.675445 3.917237 4.000000 3.917237 3.675445 3.291796 2.788898 2.189750 1.514719 1.000000 1.000000 1.000000 1.000000 1.000000 1.000000 1.000000 1.000000 1.000000 1.000000 1.000000 1.000000 1.000000 1.000000 1.000000 1.000000 1.000000 1.000000 1.000000 1.000000 1.000000 1.000000 1.000000 1.000000 1.000000 1.000000 1.000000 1.000000 1.000000 1.000000 1.000000 1.000000 1.000000 1.000000 1.000000 1.000000 1.000000 1.000000 1.000000 1.000000 1.000000 1.000000 1.000000 1.000000 1.000000 1.000000 1.000000 1.000000 1.000000 1.000000 1.000000 1.000000 1.000000 1.000000 1.000000 1.000000 1.000000 1.000000 1.000000 1.414214)
(row 2.000000 2.189750 2.928932 3.596876 4.169048 4.614835 4.900980 5.000000 4.900980 4.614835 4.169048 3.596876 2.928932 2.189750 1.397675 0.566019 0.000000 0.000000 -0.000001 -0.000001 0.000000 0.000000 0.000000 -0.000001 0.000000 0.000000 -0.000002 0.000000 0.000000 0.566019 1.397675 2.189750 2.928932 3.596876 4.169048 4.614835 4.900980 5.000000 4.900980 4.614835 4.169048 3.596876 2.928932 2.189750 1.397675 0.566019 0.000000 0.000000 0.000000 0.000000 -0.000004 0.000000 0.000000 0.000000 0.000000 -0.000004 0.000000 0.000000 0.000000 0.566019 1.397675 2.189750 2.928932 3.596876 4.169048 4.614835 4.900980 5.000000 4.900980 4.614835 4.169048 3.596876 2.928932 2.189750 1.397675 0.566019 0.000000 0.000000 0.000000 0.000000 0.000000 0.000000 0.000000 -0.000008 0.000000 0.000000 0.000000 0.000000 -0.000008 0.566019 1.397675 2.189750 2.928932 3.596876 4.169048 4.614835 4.900980 5.000000 4.900980 4.614835 4.169048 3.596876 2.928932 2.189750 1.397675 0.566019 0.000000 0.000000 -0.000008 0.000000 0.000000 0.000000 0.000000 -0.000008 0.000000 0.000000 0.000000 0.000000 -0.000008 0.000000 0.000000 0.000000 0.000000 -0.000008 0.000000 0.000000 0.000000 0.000000 -0.000008 0.000000 -0.000008 0.000000 0.000000 -0.000008 0.000000 -0.000008 0.000000 0.000000 0.000000 0.000000 0.000000 0.000000 0.000000 0.000000 0.000000 0.000000 0.000000 0.000000 0.000000 0.000000 0.000000 0.000000 0.000000 0.000000 0.000000 0.000000 0.000000 0.000000 0.000000 0.000000 0.000000 0.000000 0.000000 1.000000)
(row 2.000000 2.788898 3.596876 4.343146 5.000000 5.527864 5.876894 6.000000 5.876894 5.527864 5.000000 4.343146 3.596876 2.788898 1.937742 1.055728 0.151142 -0.770329 -1.000000 -1.000000 -1.000000 -1.000000 -1.000000 -1.000000 -1.000000 -1.000000 -1.000000 -0.770329 0.151142 1.055728 1.937742 2.788898 3.596876 4.343146 5.000000 5.527864 5.876894 6.000000 5.876894 5.527864 5.000000 4.343146 3.596876 2.788898 1.937742 1.055728 0.151142 -0.770329 -1.000000 -1.000000 -1.000000 -1.000000 -1.000000 -1.000000 -1.000000 -1.000000 -1.000000 -0.770329 0.151142 1.055728 1.937742 2.788898 3.596876 4.343146 5.000000 5.527864 5.876894 6.000000 5.876894 5.527864 5.000000 4.343146 3.596876 2.788898 1.937742 1.055728 0.151142 -0.770329 -1.000000 -1.000000 -1.000000 -1.000000 -1.000000 -1.000000 -1.000000 -1.000000 -1.000000 -0.770329 0.151142 1.055728 1.937742 2.788898 3.596876 4.343146 5.000000 5.527864 5.876894 6.000000 5.876894 5.527864 5.000000 4.343146 3.596876 2.788898 1.937742 1.055728 0.151142 -0.770329 -1.000000 -1.000000 -1.000000 -1.000000 -1.000000 -1.000000 -1.000000 -1.000000 -1.000000 -1.000000 -1.000000 -1.000000 -1.000000 -1.000000 -1.000000 -1.000000 -1.000000 -1.000000 -1.000000 -1.000000 -1.000000 -1.000000 -1.000000 -1.000000 -1.000000 -1.000000 -1.000000 -1.000000 -1.000000 -1.000000 -1.000000 -1.000000 -1.000000 -1.000000 -1.000000 -1.000000 -1.000000 -1.000000 -1.000000 -1.000000 -1.000000 -1.000000 -1.000000 -1.000000 -1.000000 -1.000000 -1.000000 -1.000000 -1.000000 -1.000000 -1.000000 -1.000000 -1.000000 -1.000000 0.000000 1.000000)
(row 2.384227 3.291796 4.169048 5.000000 5.757360 6.394449 6.837722 7.000000 6.837722 6.394449 5.757360 5.000000 4.169048 3.291796 2.384227 1.455997 0.513166 -0.440307 -1.401754 -2.000000 -2.000000 -2.000000 -2.000000 -2.000000 -2.000000 -2.000000 -1.401754 -0.440307 0.513166 1.455997 2.384227 3.291796 4.169048 5.000000 5.757360 6.394449 6.837722 7.000000 6.837722 6.394449 5.757360 5.000000 4.169048 3.291796 2.384227 1.455997 0.513166 -0.440307 -1.401754 -2.000000 -2.000000 -2.000000 -2.000000 -2.000000 -2.000000 -2.000000 -1.401754 -0.440307 0.513166 1.455997 2.384227 3.291796 4.169048 5.000000 5.757360 6.394449 6.837722 7.000000 6.837722 6.394449 5.757360 5.000000 4.169048 3.291796 2.384227 1.455997 0.513166 -0.440307 -1.401754 -2.000000 -2.000000 -2.000000 -2.000000 -2.000000 -2.000000 -2.000000 -1.401754 -0.440307 0.513166 1.455997 2.384227 3.291796 4.169048 5.000000 5.757360 6.394449 6.837722 7.000000 6.837722 6.394449 5.757360 5.000000 4.169048 3.291796 2.384227 1.455997 0.513166 -0.440307 -1.401754 -2.000000 -2.000000 -2.000000 -2.000000 -2.000000 -2.000000 -2.000000 -2.000000 -2.000000 -2.000000 -2.000000 -2.000000 -2.000000 -2.000000 -2.000000 -2.000000 -2.000000 -2.000000 -2.000000 -2.000000 -2.000000 -2.000000 -2.000000 -2.000000 -2.000000 -2.000000 -2.000000 -2.000000 -2.000000 -2.000000 -2.000000 -2.000000 -2.000000 -2.000000 -2.000000 -2.000000 -2.000000 -2.000000 -2.000000 -2.000000 -2.000000 -2.000000 -2.000000 -2.000000 -2.000000 -2.000000 -2.000000 -2.000000 -2.000000 -2.000000 -2.000000 -2.000000 -1.000000 0.000000 1.000000)
(row 2.719890 3.675445 4.614835 5.527864 6.394449 7.171573 7.763932 8.000000 7.763932 7.171573 6.394449 5.527864 4.614835 3.675445 2.719890 1.753789 0.780456 -0.198039 -1.180340 -2.165525 -3.000000 -3.000000 -3.000000 -3.000000 -3.000000 -2.165525 -1.180340 -0.198039 0.780456 1.753789 2.719890 3.675445 4.614835 5.527864 6.394449 7.171573 7.763932 8.000000 7.763932 7.171573 6.394449 5.527864 4.614835 3.675445 2.719890 1.753789 0.780456 -0.198039 -1.180340 -2.165525 -3.000000 -3.000000 -3.000000 -3.000000 -3.000000 -2.165525 -1.180340 -0.198039 0.780456 1.753789 2.719890 3.675445 4.614835 5.527864 6.394449 7.171573 7.763932 8.000000 7.763932 7.171573 6.394449 5.527864 4.614835 3.675445 2.719890 1.753789 0.780456 -0.198039 -1.180340 -2.165525 -3.000000 -3.000000 -3.000000 -3.000000 -3.000000 -2.165525 -1.180340 -0.198039 0.780456 1.753789 2.719890 3.675445 4.614835 5.527864 6.394449 7.171573 7.763932 8.000000 7.763932 7.171573 6.394449 5.527864 4.614835 3.675445 2.719890 1.753789 0.780456 -0.198039 -1.180340 -2.165525 -3.000000 -3.000000 -3.000000 -3.000000 -3.000000 -3.000000 -3.000000 -3.000000 -3.000000 -3.000000 -3.000000 -3.000000 -3.000000 -3.000000 -3.000000 -3.000000 -3.000000 -3.000000 -3.000000 -3.000000 -3.000000 -3.000000 -3.000000 -3.000000 -3.000000 -3.000000 -3.000000 -3.000000 -3.000000 -3.000000 -3.000000 -3.000000 -3.000000 -3.000000 -3.000000 -3.000000 -3.000000 -3.000000 -3.000000 -3.000000 -3.000000 -3.000000 -3.000000 -3.000000 -3.000000 -3.000000 -3.000000 -3.000000 -3.000000 -3.000000 -2.000000 -1.000000 -0.000000 1.000000)
(row 2.928932 3.917237 4.900980 5.876894 6.837722 7.763932 8.585787 9.000000 8.585787 7.763932 6.837722 5.876894 4.900980 3.917237 2.928932 1.937742 0.944614 -0.049875 -1.045361 -2.041595 -3.038404 -4.000000 -4.000000 -4.000000 -3.038404 -2.041595 -1.045361 -0.049875 0.944614 1.937742 2.928932 3.917237 4.900980 5.876894 6.837722 7.763932 8.585787 9.000000 8.585787 7.763932 6.837722 5.876894 4.900980 3.917237 2.928932 1.937742 0.944614 -0.049875 -1.045361 -2.041595 -3.038404 -4.000000 -4.000000 -4.000000 -3.038404 -2.041595 -1.045361 -0.049875 0.944614 1.937742 2.928932 3.917237 4.900980 5.876894 6.837722 7.763932 8.585787 9.000000 8.585787 7.763932 6.837722 5.876894 4.900980 3.917237 2.928932 1.937742 0.944614 -0.049875 -1.045361 -2.041595 -3.038404 -4.000000 -4.000000 -4.000000 -3.038404 -2.041595 -1.045361 -0.049875 0.944614 1.937742 2.928932 3.917237 4.900980 5.876894 6.837722 7.763932 8.585787 9.000000 8.585787 7.763932 6.837722 5.876894 4.900980 3.917237 2.928932 1.937742 0.944614 -0.049875 -1.045361 -2.041595 -3.038404 -4.000000 -4.000000 -4.000000 -4.000000 -4.000000 -4.000000 -4.000000 -4.000000 -4.000000 -4.000000 -4.000000 -4.000000 -4.000000 -4.000000 -4.000000 -4.000000 -4.000000 -4.000000 -4.000000 -4.000000 -4.000000 -4.000000 -4.000000 -4.000000 -4.000000 -4.000000 -4.000000 -4.000000 -4.000000 -4.000000 -4.000000 -4.000000 -4.000000 -4.000000 -4.000000 -4.000000 -4.000000 -4.000000 -4.000000 -4.000000 -4.000000 -4.000000 -4.000000 -4.000000 -4.000000 -4.000000 -4.000000 -4.000000 -3.000000 -2.000000 -1.000000 -0.000000 1.000000)
(row 3.000000 4.000000 5.000000 6.000000 7.000000 8.000000 9.000000 10.000000 9.000000 8.000000 7.000000 6.000000 5.000000 4.000000 3.000000 2.000000 1.000000 0.000000 -1.000000 -2.000000 -3.000000 -4.000000 -5.000000 -4.000000 -3.000000 -2.000000 -1.000000 0.000000 1.000000 2.000000 3.000000 4.000000 5.000000 6.000000 7.000000 8.000000 9.000000 10.000000 9.000000 8.000000 7.000000 6.000000 5.000000 4.000000 3.000000 2.000000 1.000000 0.000000 -1.000000 -2.000000 -3.000000 -4.000000 -5.000000 -4.000000 -3.000000 -2.000000 -1.000000 0.000000 1.000000 2.000000 3.000000 4.000000 5.000000 6.000000 7.000000 8.000000 9.000000 10.000000 9.000000 8.000000 7.000000 6.000000 5.000000 4.000000 3.000000 2.000000 1.000000 0.000000 -1.000000 -2.000000 -3.000000 -4.000000 -5.000000 -4.000000 -3.000000 -2.000000 -1.000000 0.000000 1.000000 2.000000 3.000000 4.000000 5.000000 6.000000 7.000000 8.000000 9.000000 10.000000 9.000000 8.000000 7.000000 6.000000 5.000000 4.000000 3.000000 2.000000 1.000000 0.000000 -1.000000 -2.000000 -3.000000 -4.000000 -5.000000 -5.000000 -5.000000 -5.000000 -5.000000 -5.000000 -5.000000 -5.000000 -5.000000 -5.000000 -5.000000 -5.000000 -5.000000 -5.000000 -5.000000 -5.000000 -5.000000 -5.000000 -5.000000 -5.000000 -5.000000 -5.000000 -5.000000 -5.000000 -5.000000 -5.000000 -5.000000 -5.000000 -5.000000 -5.000000 -5.000000 -5.000000 -5.000000 -5.000000 -5.000000 -5.000000 -5.000000 -5.000000 -5.000000 -5.000000 -5.000000 -5.000000 -5.000000 -5.000000 -5.000000 -5.000000 -4.000000 -3.000000 -2.000000 -1.000000 0.000000 1.000000)
(row 2.928932 3.917237 4.900980 5.876894 6.837722 7.763932 8.585787 9.000000 8.585787 7.763932 6.837722 5.876894 4.900980 3.917237 2.928932 1.937742 0.944614 -0.049875 -1.045361 -2.041595 -3.038404 -4.035669 -5.033297 -4.035669 -3.038404 -2.041595 -1.045361 -0.049875 0.944614 1.937742 2.928932 3.917237 4.900980 5.876894 6.837722 7.763932 8.585787 9.000000 8.585787 7.763932 6.837722 5.876894 4.900980 3.917237 2.928932 1.937742 0.944614 -0.049875 -1.045361 -2.041595 -3.038404 -4.035669 -5.033297 -4.035669 -3.038404 -2.041595 -1.045361 -0.049875 0.944614 1.937742 2.928932 3.917237 4.900980 5.876894 6.837722 7.763932 8.585787 9.000000 8.585787 7.763932 6.837722 5.876894 4.900980 3.917237 2.928932 1.937742 0.944614 -0.049875 -1.045361 -2.041595 -3.038404 -4.035669 -5.033297 -4.035669 -3.038404 -2.041595 -1.045361 -0.049875 0.944614 1.937742 2.928932 3.917237 4.900980 5.876894 6.837722 7.763932 8.585787 9.000000 8.585787 7.763932 6.837722 5.876894 4.900980 3.917237 2.928932 1.937742 0.944614 -0.049875 -1.045361 -2.041595 -3.038404 -4.035669 -5.033297 -6.000000 -6.000000 -6.000000 -6.000000 -6.000000 -6.000000 -6.000000 -6.000000 -6.000000 -6.000000 -6.000000 -6.000000 -6.000000 -6.000000 -6.000000 -6.000000 -6.000000 -6.000000 -6.000000 -6.000000 -6.000000 -6.000000 -6.000000 -6.000000 -6.000000 -6.000000 -6.000000 -6.000000 -6.000000 -6.000000 -6.000000 -6.000000 -6.000000 -6.000000 -6.000000 -6.000000 -6.000000 -6.000000 -6.000000 -6.000000 -6.000000 -6.000000 -6.000000 -6.000000 -5.000000 -4.000000 -3.000000 -2.000000 -1.000000 -0.000000 1.000000)
(row 2.719890 3.675445 4.614835 5.527864 6.394449 7.171573 7.763932 8.000000 7.763932 7.171573 6.394449 5.527864 4.614835 3.675445 2.719890 1.753789 0.780456 -0.198039 -1.180340 -2.165525 -3.152946 -4.142136 -5.132746 -4.142136 -3.152946 -2.165525 -1.180340 -0.198039 0.780456 1.753789 2.719890 3.675445 4.614835 5.527864 6.394449 7.171573 7.763932 8.000000 7.763932 7.171573 6.394449 5.527864 4.614835 3.675445 2.719890 1.753789 0.780456 -0.198039 -1.180340 -2.165525 -3.152946 -4.142136 -5.132746 -4.142136 -3.152946 -2.165525 -1.180340 -0.198039 0.780456 1.753789 2.719890 3.675445 4.614835 5.527864 6.394449 7.171573 7.763932 8.000000 7.763932 7.171573 6.394449 5.527864 4.614835 3.675445 2.719890 1.753789 0.780456 -0.198039 -1.180340 -2.165525 -3.152946 -4.142136 -5.132746 -4.142136 -3.152946 -2.165525 -1.180340 -0.198039 0.780456 1.753789 2.719890 3.675445 4.614835 5.527864 6.394449 7.171573 7.763932 8.000000 7.763932 7.171573 6.394449 5.527864 4.614835 3.675445 2.719890 1.753789 0.780456 -0.198039 -1.180340 -2.165525 -3.152946 -4.142136 -5.132746 -6.124516 -7.000000 -7.000000 -7.000000 -7.000000 -7.000000 -7.000000 -7.000000 -7.000000 -7.000000 -7.000000 -7.000000 -7.000000 -7.000000 -7.000000 -7.000000 -7.000000 -7.000000 -7.000000 -7.000000 -7.000000 -7.000000 -7.000000 -7.000000 -7.000000 -7.000000 -7.000000 -7.000000 -7.000000 -7.000000 -7.000000 -7.000000 -7.000000 -7.000000 -7.000000 -7.000000 -7.000000 -7.000000 -7.000000 -7.000000 -7.000000 -7.000000 -7.000000 -6.000000 -5.000000 -4.000000 -3.000000 -2.000000 -1.000000 -0.000000 1.000000)
(row 2.384227 3.291796 4.169048 5.000000 5.757360 6.394449 6.837722 7.000000 6.837722 6.394449 5.757360 5.000000 4.169048 3.291796 2.384227 1.455997 0.513166 -0.440307 -1.401754 -2.369317 -3.341664 -4.317822 -5.297058 -4.317822 -3.341664 -2.369317 -1.401754 -0.440307 0.513166 1.455997 2.384227 3.291796 4.169048 5.000000 5.757360 6.394449 6.837722 7.000000 6.837722 6.394449 5.757360 5.000000 4.169048 3.291796 2.384227 1.455997 0.513166 -0.440307 -1.401754 -2.369317 -3.341664 -4.317822 -5.297058 -4.317822 -3.341664 -2.369317 -1.401754 -0.440307 0.513166 1.455997 2.384227 3.291796 4.169048 5.000000 5.757360 6.394449 6.837722 7.000000 6.837722 6.394449 5.757360 5.000000 4.169048 3.291796 2.384227 1.455997 0.513166 -0.440307 -1.401754 -2.369317 -3.341664 -4.317822 -5.297058 -4.317822 -3.341664 -2.369317 -1.401754 -0.440307 0.513166 1.455997 2.384227 3.291796 4.169048 5.000000 5.757360 6.394449 6.837722 7.000000 6.837722 6.394449 5.757360 5.000000 4.169048 3.291796 2.384227 1.455997 0.513166 -0.440307 -1.401754 -2.369317 -3.341664 -4.317822 -5.297058 -6.278820 -7.262676 -8.000000 -8.000000 -8.000000 -8.000000 -8.000000 -8.000000 -8.000000 -8.000000 -8.000000 -8.000000 -8.000000 -8.000000 -8.000000 -8.000000 -8.000000 -8.000000 -8.000000 -8.000000 -8.000000 -8.000000 -8.000000 -8.000000 -8.000000 -8.000000 -8.000000 -8.000000 -8.000000 -8.000000 -8.000000 -8.000000 -8.000000 -8.000000 -8.000000 -8.000000 -8.000000 -8.000000 -8.000000 -8.000000 -8.000000 -8.000000 -7.000000 -6.000000 -5.000000 -4.000000 -3.000000 -2.000000 -1.000000 -0.000000 1.000000)
(row 2.000000 2.788898 3.596876 4.343146 5.000000 5.527864 5.876894 6.000000 5.876894 5.527864 5.000000 4.343146 3.596876 2.788898 1.937742 1.055728 0.151142 -0.770329 -1.704700 -2.649111 -3.601471 -4.560220 -5.524175 -4.560220 -3.601471 -2.649111 -1.704700 -0.770329 0.151142 1.055728 1.937742 2.788898 3.596876 4.343146 5.000000 5.527864 5.876894 6.000000 5.876894 5.527864 5.000000 4.343146 3.596876 2.788898 1.937742 1.055728 0.151142 -0.770329 -1.704700 -2.649111 -3.601471 -4.560220 -5.524175 -4.560220 -3.601471 -2.649111 -1.704700 -0.770329 0.151142 1.055728 1.937742 2.788898 3.596876 4.343146 5.000000 5.527864 5.876894 6.000000 5.876894 5.527864 5.000000 4.343146 3.596876 2.788898 1.937742 1.055728 0.151142 -0.770329 -1.704700 -2.649111 -3.601471 -4.560220 -5.524175 -4.560220 -3.601471 -2.649111 -1.704700 -0.770329 0.151142 1.055728 1.937742 2.788898 3.596876 4.343146 5.000000 5.527864 5.876894 6.000000 5.876894 5.527864 5.000000 4.343146 3.596876 2.788898 1.937742 1.055728 0.151142 -0.770329 -1.704700 -2.649111 -3.601471 -4.560220 -5.524175 -6.492422 -7.464249 -8.439089 -9.000000 -9.000000 -9.000000 -9.000000 -9.000000 -9.000000 -9.000000 -9.000000 -9.000000 -9.000000 -9.000000 -9.000000 -9.000000 -9.000000 -9.000000 -9.000000 -9.000000 -9.000000 -9.000000 -9.000000 -9.000000 -9.000000 -9.000000 -9.000000 -9.000000 -9.000000 -9.000000 -9.000000 -9.000000 -9.000000 -9.000000 -9.000000 -9.000000 -9.000000 -9.000000 -9.000000 -9.000000 -9.000000 -8.000000 -7.000000 -6.000000 -5.000000 -4.000000 -3.000000 -2.000000 -1.000000 -0.000000 1.000000)
(row 2.000000 2.189750 2.928932 3.596876 4.169048 4.614835 4.900980 5.000000 4.900980 4.614835 4.169048 3.596876 2.928932 2.189750 1.397675 0.566019 -0.295630 -1.180340 -2.083046 -3.000000 -3.928389 -4.866069 -5.811388 -4.866069 -3.928389 -3.000000 -2.083046 -1.180340 -0.295630 0.566019 1.397675 2.189750 2.928932 3.596876 4.169048 4.614835 4.900980 5.000000 4.900980 4.614835 4.169048 3.596876 2.928932 2.189750 1.397675 0.566019 -0.295630 -1.180340 -2.083046 -3.000000 -3.928389 -4.866069 -5.811388 -4.866069 -3.928389 -3.000000 -2.083046 -1.180340 -0.295630 0.566019 1.397675 2.189750 2.928932 3.596876 4.169048 4.614835 4.900980 5.000000 4.900980 4.614835 4.169048 3.596876 2.928932 2.189750 1.397675 0.566019 -0.295630 -1.180340 -2.083046 -3.000000 -3.928389 -4.866069 -5.811388 -4.866069 -3.928389 -3.000000 -2.083046 -1.180340 -0.295630 0.566019 1.397675 2.189750 2.928932 3.596876 4.169048 4.614835 4.900980 5.000000 4.900980 4.614835 4.169048 3.596876 2.928932 2.189750 1.397675 0.566019 -0.295630 -1.180340 -2.083046 -3.000000 -3.928389 -4.866069 -5.811388 -6.763054 -7.720045 -8.681541 -9.646883 -10.000000 -10.000000 -10.000000 -10.000000 -10.000000 -10.000000 -10.000000 -10.000000 -10.000000 -10.000000 -10.000000 -10.000000 -10.000000 -10.000000 -10.000000 -10.000000 -10.000000 -10.000000 -10.000000 -10.000000 -10.000000 -10.000000 -10.000000 -10.000000 -10.000000 -10.000000 -10.000000 -10.000000 -10.000000 -10.000000 -10.000000 -10.000000 -10.000000 -10.000000 -10.000000 -10.000000 -9.000000 -8.000000 -7.000000 -6.000000 -5.000000 -4.000000 -3.000000 -2.000000 -1.000000 0.000000 1.000000)
(row 2.000000 1.514719 2.189750 2.788898 3.291796 3.675445 3.917237 4.000000 3.917237 3.675445 3.291796 2.788898 2.189750 1.514719 0.780456 0.000000 -0.816654 -1.661903 -2.529964 -3.416408 -4.317822 -5.231546 -6.155495 -5.231546 -4.317822 -3.416408 -2.529964 -1.661903 -0.816654 0.000000 0.780456 1.514719 2.189750 2.788898 3.291796 3.675445 3.917237 4.000000 3.917237 3.675445 3.291796 2.788898 2.189750 1.514719 0.780456 0.000000 -0.816654 -1.661903 -2.529964 -3.416408 -4.317822 -5.231546 -6.155495 -5.231546 -4.317822 -3.416408 -2.529964 -1.661903 -0.816654 0.000000 0.780456 1.514719 2.189750 2.788898 3.291796 3.675445 3.917237 4.000000 3.917237 3.675445 3.291796 2.788898 2.189750 1.514719 0.780456 0.000000 -0.816654 -1.661903 -2.529964 -3.416408 -4.317822 -5.231546 -6.155495 -5.231546 -4.317822 -3.416408 -2.529964 -1.661903 -0.816654 0.000000 0.780456 1.514719 2.189750 2.788898 3.291796 3.675445 3.917237 4.000000 3.917237 3.675445 3.291796 2.788898 2.189750 1.514719 0.780456 0.000000 -0.816654 -1.661903 -2.529964 -3.416408 -4.317822 -5.231546 -6.155495 -7.088007 -8.027756 -8.973667 -9.924858 -10.880613 -11.000000 -11.000000 -11.000000 -11.000000 -11.000000 -11.000000 -11.000000 -11.000000 -11.000000 -11.000000 -11.000000 -11.000000 -11.000000 -11.000000 -11.000000 -11.000000 -11.000000 -11.000000 -11.000000 -11.000000 -11.000000 -11.000000 -11.000000 -11.000000 -11.000000 -11.000000 -11.000000 -11.000000 -11.000000 -11.000000 -11.000000 -11.000000 -11.000000 -11.000000 -10.000000 -9.000000 -8.000000 -7.000000 -6.000000 -5.000000 -4.000000 -3.000000 -2.000000 -1.000000 0.000000 1.000000)
(row 2.000000 1.000000 1.397675 1.937742 2.384227 2.719890 2.928932 3.000000 2.928932 2.719890 2.384227 1.937742 1.397675 0.780456 0.100505 -0.630146 -1.401754 -2.206555 -3.038404 -3.892444 -4.764823 -5.652475 -6.552944 -5.652475 -4.764823 -3.892444 -3.038404 -2.206555 -1.401754 -0.630146 0.100505 0.780456 1.397675 1.937742 2.384227 2.719890 2.928932 3.000000 2.928932 2.719890 2.384227 1.937742 1.397675 0.780456 0.100505 -0.630146 -1.401754 -2.206555 -3.038404 -3.892444 -4.764823 -5.652475 -6.552944 -5.652475 -4.764823 -3.892444 -3.038404 -2.206555 -1.401754 -0.630146 0.100505 0.780456 1.397675 1.937742 2.384227 2.719890 2.928932 3.000000 2.928932 2.719890 2.384227 1.937742 1.397675 0.780456 0.100505 -0.630146 -1.401754 -2.206555 -3.038404 -3.892444 -4.764823 -5.652475 -6.552944 -5.652475 -4.764823 -3.892444 -3.038404 -2.206555 -1.401754 -0.630146 0.100505 0.780456 1.397675 1.937742 2.384227 2.719890 2.928932 3.000000 2.928932 2.719890 2.384227 1.937742 1.397675 0.780456 0.100505 -0.630146 -1.401754 -2.206555 -3.038404 -3.892444 -4.764823 -5.652475 -6.552944 -7.464249 -8.384777 -9.313208 -10.248457 -11.189619 -12.000000 -12.000000 -12.000000 -12.000000 -12.000000 -12.000000 -12.000000 -12.000000 -12.000000 -12.000000 -12.000000 -12.000000 -12.000000 -12.000000 -12.000000 -12.000000 -12.000000 -12.000000 -12.000000 -12.000000 -12.000000 -12.000000 -12.000000 -12.000000 -12.000000 -12.000000 -12.000000 -12.000000 -12.000000 -12.000000 -12.000000 -12.000000 -12.000000 -11.000000 -10.000000 -9.000000 -8.000000 -7.000000 -6.000000 -5.000000 -4.000000 -3.000000 -2.000000 -1.000000 -0.000001 1.000000)
(row 2.000000 1.000000 0.566019 1.055728 1.455997 1.753789 1.937742 2.000000 1.937742 1.753789 1.455997 1.055728 0.566019 0.000000 -0.630146 -1.313708 -2.041595 -2.806249 -3.601471 -4.422205 -5.264338 -6.124516 -7.000000 -6.124516 -5.264338 -4.422205 -3.601471 -2.806249 -2.041595 -1.313708 -0.630146 0.000000 0.566019 1.055728 1.455997 1.753789 1.937742 2.000000 1.937742 1.753789 1.455997 1.055728 0.566019 0.000000 -0.630146 -1.313708 -2.041595 -2.806249 -3.601471 -4.422205 -5.264338 -6.124516 -7.000000 -6.124516 -5.264338 -4.422205 -3.601471 -2.806249 -2.041595 -1.313708 -0.630146 0.000000 0.566019 1.055728 1.455997 1.753789 1.937742 2.000000 1.937742 1.753789 1.455997 1.055728 0.566019 0.000000 -0.630146 -1.313708 -2.041595 -2.806249 -3.601471 -4.422205 -5.264338 -6.124516 -7.000000 -6.124516 -5.264338 -4.422205 -3.601471 -2.806249 -2.041595 -1.313708 -0.630146 0.000000 0.566019 1.055728 1.455997 1.753789 1.937742 2.000000 1.937742 1.753789 1.455997 1.055728 0.566019 0.000000 -0.630146 -1.313708 -2.041595 -2.806249 -3.601471 -4.422205 -5.264338 -6.124516 -7.000000 -7.888544 -8.788294 -9.697716 -10.615528 -11.540659 -12.472204 -13.000000 -13.000000 -13.000000 -13.000000 -13.000000 -13.000000 -13.000000 -13.000000 -13.000000 -13.000000 -13.000000 -13.000000 -13.000000 -13.000000 -13.000000 -13.000000 -13.000000 -13.000000 -13.000000 -13.000000 -13.000000 -13.000000 -13.000000 -13.000000 -13.000000 -13.000000 -13.000000 -13.000000 -13.000000 -13.000000 -13.000000 -12.000000 -11.000000 -10.000000 -9.000000 -8.000000 -7.000000 -6.000000 -5.000000 -4.000000 -3.000000 -2.000000 -1.000000 -0.000000 1.000000)
(row 2.000000 1.000000 -0.000006 0.151142 0.513166 0.780456 0.944614 1.000000 0.944614 0.780456 0.513166 0.151142 -0.295630 -0.816654 -1.401754 -2.041595 -2.727922 -3.453624 -4.212670 -5.000000 -5.811388 -6.643316 -7.492855 -6.643316 -5.811388 -5.000000 -4.212670 -3.453624 -2.727922 -2.041595 -1.401754 -0.816654 -0.295630 0.151142 0.513166 0.780456 0.944614 1.000000 0.944614 0.780456 0.513166 0.151142 -0.295630 -0.816654 -1.401754 -2.041595 -2.727922 -3.453624 -4.212670 -5.000000 -5.811388 -6.643316 -7.492855 -6.643316 -5.811388 -5.000000 -4.212670 -3.453624 -2.727922 -2.041595 -1.401754 -0.816654 -0.295630 0.151142 0.513166 0.780456 0.944614 1.000000 0.944614 0.780456 0.513166 0.151142 -0.295630 -0.816654 -1.401754 -2.041595 -2.727922 -3.453624 -4.212670 -5.000000 -5.811388 -6.643316 -7.492855 -6.643316 -5.811388 -5.000000 -4.212670 -3.453624 -2.727922 -2.041595 -1.401754 -0.816654 -0.295630 0.151142 0.513166 0.780456 0.944614 1.000000 0.944614 0.780456 0.513166 0.151142 -0.295630 -0.816654 -1.401754 -2.041595 -2.727922 -3.453624 -4.212670 -5.000000 -5.811388 -6.643316 -7.492855 -8.357559 -9.235384 -10.124611 -11.023796 -11.931711 -12.847319 -13.769728 -14.000000 -14.000000 -14.000000 -14.000000 -14.000000 -14.000000 -14.000000 -14.000000 -14.000000 -14.000000 -14.000000 -14.000000 -14.000000 -14.000000 -14.000000 -14.000000 -14.000000 -14.000000 -14.000000 -14.000000 -14.000000 -14.000000 -14.000000 -14.000000 -14.000000 -14.000000 -14.000000 -14.000000 -14.000000 -13.000000 -12.000000 -11.000000 -10.000000 -9.000000 -8.000000 -7.000000 -6.000000 -5.000000 -4.000000 -3.000000 -2.000000 -1.000000 0.000000 1.000000)
(row 2.000000 1.000000 0.000000 -0.770329 -0.440307 -0.198039 -0.049875 0.000000 -0.049875 -0.198039 -0.440307 -0.770329 -1.180340 -1.661903 -2.206555 -2.806249 -3.453624 -4.142136 -4.866069 -5.620500 -6.401218 -7.204651 -8.027756 -7.204651 -6.401218 -5.620500 -4.866069 -4.142136 -3.453624 -2.806249 -2.206555 -1.661903 -1.180340 -0.770329 -0.440307 -0.198039 -0.049875 0.000000 -0.049875 -0.198039 -0.440307 -0.770329 -1.180340 -1.661903 -2.206555 -2.806249 -3.453624 -4.142136 -4.866069 -5.620500 -6.401218 -7.204651 -8.027756 -7.204651 -6.401218 -5.620500 -4.866069 -4.142136 -3.453624 -2.806249 -2.206555 -1.661903 -1.180340 -0.770329 -0.440307 -0.198039 -0.049875 0.000000 -0.049875 -0.198039 -0.440307 -0.770329 -1.180340 -1.661903 -2.206555 -2.806249 -3.453624 -4.142136 -4.866069 -5.620500 -6.401218 -7.204651 -8.027756 -7.204651 -6.401218 -5.620500 -4.866069 -4.142136 -3.453624 -2.806249 -2.206555 -1.661903 -1.180340 -0.770329 -0.440307 -0.198039 -0.049875 0.000000 -0.049875 -0.198039 -0.440307 -0.770329 -1.180340 -1.661903 -2.206555 -2.806249 -3.453624 -4.142136 -4.866069 -5.620500 -6.401218 -7.204651 -8.027756 -8.867962 -9.723083 -10.591259 -11.470911 -12.360680 -13.259407 -14.166092 -15.000000 -15.000000 -15.000000 -15.000000 -15.000000 -15.000000 -15.000000 -15.000000 -15.000000 -15.000000 -15.000000 -15.000000 -15.000000 -15.000000 -15.000000 -15.000000 -15.000000 -15.000000 -15.000000 -15.000000 -15.000000 -15.000000 -15.000000 -15.000000 -15.000000 -15.000000 -15.000000 -15.000000 -14.000000 -13.000000 -12.000000 -11.000000 -10.000000 -9.000000 -8.000000 -7.000000 -6.000000 -5.000000 -4.000000 -3.000000 -2.000000 -1.000000 0.000000 1.000000)
(row 2.000000 1.000000 -0.000004 -1.000000 -1.401754 -1.180340 -1.045361 -1.000000 -1.045361 -1.180340 -1.401754 -1.704700 -2.083046 -2.529964 -3.038404 -3.601471 -4.212670 -4.866069 -5.556349 -6.278820 -7.029387 -7.804493 -8.601074 -7.804493 -7.029387 -6.278820 -5.556349 -4.866069 -4.212670 -3.601471 -3.038404 -2.529964 -2.083046 -1.704700 -1.401754 -1.180340 -1.045361 -1.000000 -1.045361 -1.180340 -1.401754 -1.704700 -2.083046 -2.529964 -3.038404 -3.601471 -4.212670 -4.866069 -5.556349 -6.278820 -7.029387 -7.804493 -8.601074 -7.804493 -7.029387 -6.278820 -5.556349 -4.866069 -4.212670 -3.601471 -3.038404 -2.529964 -2.083046 -1.704700 -1.401754 -1.180340 -1.045361 -1.000000 -1.045361 -1.180340 -1.401754 -1.704700 -2.083046 -2.529964 -3.038404 -3.601471 -4.212670 -4.866069 -5.556349 -6.278820 -7.029387 -7.804493 -8.601074 -7.804493 -7.029387 -6.278820 -5.556349 -4.866069 -4.212670 -3.601471 -3.038404 -2.529964 -2.083046 -1.704700 -1.401754 -1.180340 -1.045361 -1.000000 -1.045361 -1.180340 -1.401754 -1.704700 -2.083046 -2.529964 -3.038404 -3.601471 -4.212670 -4.866069 -5.556349 -6.278820 -7.029387 -7.804493 -8.601074 -9.416489 -10.248457 -11.095022 -11.954498 -12.825424 -13.706539 -14.596748 -15.495098 -16.000000 -16.000000 -16.000000 -16.000000 -16.000000 -16.000000 -16.000000 -16.000000 -16.000000 -16.000000 -16.000000 -16.000000 -16.000000 -16.000000 -16.000000 -16.000000 -16.000000 -16.000000 -16.000000 -16.000000 -16.000000 -16.000000 -16.000000 -16.000000 -16.000000 -16.000000 -15.000000 -14.000000 -13.000000 -12.000000 -11.000000 -10.000000 -9.000000 -8.000000 -7.000000 -6.000000 -5.000000 -4.000000 -3.000000 -2.000000 -1.000000 -0.000001 1.000000)
(row 2.000000 1.000000 -0.000008 -1.000000 -2.000000 -2.165525 -2.041595 -2.000000 -2.041595 -2.165525 -2.369317 -2.649111 -3.000000 -3.416408 -3.892444 -4.422205 -5.000000 -5.620500 -6.278820 -6.970562 -7.691807 -8.439089 -9.209373 -8.439089 -7.691807 -6.970562 -6.278820 -5.620500 -5.000000 -4.422205 -3.892444 -3.416408 -3.000000 -2.649111 -2.369317 -2.165525 -2.041595 -2.000000 -2.041595 -2.165525 -2.369317 -2.649111 -3.000000 -3.416408 -3.892444 -4.422205 -5.000000 -5.620500 -6.278820 -6.970562 -7.691807 -8.439089 -9.209373 -8.439089 -7.691807 -6.970562 -6.278820 -5.620500 -5.000000 -4.422205 -3.892444 -3.416408 -3.000000 -2.649111 -2.369317 -2.165525 -2.041595 -2.000000 -2.041595 -2.165525 -2.369317 -2.649111 -3.000000 -3.416408 -3.892444 -4.422205 -5.000000 -5.620500 -6.278820 -6.970562 -7.691807 -8.439089 -9.209373 -8.439089 -7.691807 -6.970562 -6.278820 -5.620500 -5.000000 -4.422205 -3.892444 -3.416408 -3.000000 -2.649111 -2.369317 -2.165525 -2.041595 -2.000000 -2.041595 -2.165525 -2.369317 -2.649111 -3.000000 -3.416408 -3.892444 -4.422205 -5.000000 -5.620500 -6.278820 -6.970562 -7.691807 -8.439089 -9.209373 -10.000000 -10.808653 -11.633308 -12.472204 -13.323807 -14.186773 -15.059929 -15.942244 -16.832815 -17.000000 -17.000000 -17.000000 -17.000000 -17.000000 -17.000000 -17.000000 -17.000000 -17.000000 -17.000000 -17.000000 -17.000000 -17.000000 -17.000000 -17.000000 -17.000000 -17.000000 -17.000000 -17.000000 -17.000000 -17.000000 -17.000000 -17.000000 -17.000000 -16.000000 -15.000000 -14.000000 -13.000000 -12.000000 -11.000000 -10.000000 -9.000000 -8.000000 -7.000000 -6.000000 -5.000000 -4.000000 -3.000000 -2.000000 -1.000000 -0.000001 1.000000)
(row 2.000000 1.000000 -0.000002 -1.000000 -2.000000 -3.000000 -3.038404 -3.000000 -3.038404 -3.152946 -3.341664 -3.601471 -3.928389 -4.317822 -4.764823 -5.264338 -5.811388 -6.401218 -7.029387 -7.691807 -8.384777 -9.104973 -9.849434 -9.104973 -8.384777 -7.691807 -7.029387 -6.401218 -5.811388 -5.264338 -4.764823 -4.317822 -3.928389 -3.601471 -3.341664 -3.152946 -3.038404 -3.000000 -3.038404 -3.152946 -3.341664 -3.601471 -3.928389 -4.317822 -4.764823 -5.264338 -5.811388 -6.401218 -7.029387 -7.691807 -8.384777 -9.104973 -9.849434 -9.104973 -8.384777 -7.691807 -7.029387 -6.401218 -5.811388 -5.264338 -4.764823 -4.317822 -3.928389 -3.601471 -3.341664 -3.152946 -3.038404 -3.000000 -3.038404 -3.152946 -3.341664 -3.601471 -3.928389 -4.317822 -4.764823 -5.264338 -5.811388 -6.401218 -7.029387 -7.691807 -8.384777 -9.104973 -9.849434 -9.104973 -8.384777 -7.691807 -7.029387 -6.401218 -5.811388 -5.264338 -4.764823 -4.317822 -3.928389 -3.601471 -3.341664 -3.152946 -3.038404 -3.000000 -3.038404 -3.152946 -3.341664 -3.601471 -3.928389 -4.317822 -4.764823 -5.264338 -5.811388 -6.401218 -7.029387 -7.691807 -8.384777 -9.104973 -9.849434 -10.615528 -11.400934 -12.203604 -13.021729 -13.853722 -14.698177 -15.553865 -16.419689 -17.294689 -18.000000 -18.000000 -18.000000 -18.000000 -18.000000 -18.000000 -18.000000 -18.000000 -18.000000 -18.000000 -18.000000 -18.000000 -18.000000 -18.000000 -18.000000 -18.000000 -18.000000 -18.000000 -18.000000 -18.000000 -18.000000 -18.000000 -18.000000 -17.000000 -16.000000 -15.000000 -14.000000 -13.000000 -12.000000 -11.000000 -10.000000 -9.000000 -8.000000 -7.000000 -6.000000 -5.000000 -4.000000 -3.000000 -2.000000 -1.000000 0.000000 1.000000)
(row 2.000000 1.000000 -0.000006 -1.000000 -2.000000 -3.000000 -4.000000 -4.000000 -4.035669 -4.142136 -4.317822 -4.560220 -4.866069 -5.231546 -5.652475 -6.124516 -6.643316 -7.204651 -7.804493 -8.439089 -9.104973 -9.798990 -10.518284 -9.798990 -9.104973 -8.439089 -7.804493 -7.204651 -6.643316 -6.124516 -5.652475 -5.231546 -4.866069 -4.560220 -4.317822 -4.142136 -4.035669 -4.000000 -4.035669 -4.142136 -4.317822 -4.560220 -4.866069 -5.231546 -5.652475 -6.124516 -6.643316 -7.204651 -7.804493 -8.439089 -9.104973 -9.798990 -10.518284 -9.798990 -9.104973 -8.439089 -7.804493 -7.204651 -6.643316 -6.124516 -5.652475 -5.231546 -4.866069 -4.560220 -4.317822 -4.142136 -4.035669 -4.000000 -4.035669 -4.142136 -4.317822 -4.560220 -4.866069 -5.231546 -5.652475 -6.124516 -6.643316 -7.204651 -7.804493 -8.439089 -9.104973 -9.798990 -10.518284 -9.798990 -9.104973 -8.439089 -7.804493 -7.204651 -6.643316 -6.124516 -5.652475 -5.231546 -4.866069 -4.560220 -4.317822 -4.142136 -4.035669 -4.000000 -4.035669 -4.142136 -4.317822 -4.560220 -4.866069 -5.231546 -5.652475 -6.124516 -6.643316 -7.204651 -7.804493 -8.439089 -9.104973 -9.798990 -10.518284 -11.260292 -12.022715 -12.803509 -13.600847 -14.413111 -15.238859 -16.076809 -16.925823 -17.784887 -18.653097 -19.000000 -19.000000 -19.000000 -19.000000 -19.000000 -19.000000 -19.000000 -19.000000 -19.000000 -19.000000 -19.000000 -19.000000 -19.000000 -19.000000 -19.000000 -19.000000 -19.000000 -19.000000 -19.000000 -19.000000 -19.000000 -18.000000 -17.000000 -16.000000 -15.000000 -14.000000 -13.000000 -12.000000 -11.000000 -10.000000 -9.000000 -8.000000 -7.000000 -6.000000 -5.000000 -4.000000 -3.000000 -2.000000 -1.000000 0.000000 1.000000)
(row 2.000000 1.000000 0.000000 -1.000000 -2.000000 -3.000000 -4.000000 -5.000000 -5.033297 -5.132746 -5.297058 -5.524175 -5.811388 -6.155495 -6.552944 -7.000000 -7.492855 -8.027756 -8.601074 -9.209373 -9.849434 -10.518284 -11.213203 -10.518284 -9.849434 -9.209373 -8.601074 -8.027756 -7.492855 -7.000000 -6.552944 -6.155495 -5.811388 -5.524175 -5.297058 -5.132746 -5.033297 -5.000000 -5.033297 -5.132746 -5.297058 -5.524175 -5.811388 -6.155495 -6.552944 -7.000000 -7.492855 -8.027756 -8.601074 -9.209373 -9.849434 -10.518284 -11.213203 -10.518284 -9.849434 -9.209373 -8.601074 -8.027756 -7.492855 -7.000000 -6.552944 -6.155495 -5.811388 -5.524175 -5.297058 -5.132746 -5.033297 -5.000000 -5.033297 -5.132746 -5.297058 -5.524175 -5.811388 -6.155495 -6.552944 -7.000000 -7.492855 -8.027756 -8.601074 -9.209373 -9.849434 -10.518284 -11.213203 -10.518284 -9.849434 -9.209373 -8.601074 -8.027756 -7.492855 -7.000000 -6.552944 -6.155495 -5.811388 -5.524175 -5.297058 -5.132746 -5.033297 -5.000000 -5.033297 -5.132746 -5.297058 -5.524175 -5.811388 -6.155495 -6.552944 -7.000000 -7.492855 -8.027756 -8.601074 -9.209373 -9.849434 -10.518284 -11.213203 -11.931711 -12.671568 -13.430748 -14.207438 -15.000000 -15.806976 -16.627054 -17.459061 -18.301943 -19.154758 -20.000000 -20.000000 -20.000000 -20.000000 -20.000000 -20.000000 -20.000000 -20.000000 -20.000000 -20.000000 -20.000000 -20.000000 -20.000000 -20.000000 -20.000000 -20.000000 -20.000000 -20.000000 -20.000000 -20.000000 -19.000000 -18.000000 -17.000000 -16.000000 -15.000000 -14.000000 -13.000000 -12.000000 -11.000000 -10.000000 -9.000000 -8.000000 -7.000000 -6.000000 -5.000000 -4.000000 -3.000000 -2.000000 -1.000000 0.000000 1.000000)
(row 2.000000 1.000000 -0.000004 -1.000000 -2.000000 -3.000000 -4.000000 -4.000000 -4.035669 -4.142136 -4.317822 -4.560220 -4.866069 -5.231546 -5.652475 -6.124516 -6.643316 -7.204651 -7.804493 -8.439089 -9.104973 -9.798990 -10.518284 -9.798990 -9.104973 -8.439089 -7.804493 -7.204651 -6.643316 -6.124516 -5.652475 -5.231546 -4.866069 -4.560220 -4.317822 -4.142136 -4.035669 -4.000000 -4.035669 -4.142136 -4.317822 -4.560220 -4.866069 -5.231546 -5.652475 -6.124516 -6.643316 -7.204651 -7.804493 -8.439089 -9.104973 -9.798990 -10.518284 -9.798990 -9.104973 -8.439089 -7.804493 -7.204651 -6.643316 -6.124516 -5.652475 -5.231546 -4.866069 -4.560220 -4.317822 -4.142136 -4.035669 -4.000000 -4.035669 -4.142136 -4.317822 -4.560220 -4.866069 -5.231546 -5.652475 -6.124516 -6.643316 -7.204651 -7.804493 -8.439089 -9.104973 -9.798990 -10.518284 -9.798990 -9.104973 -8.439089 -7.804493 -7.204651 -6.643316 -6.124516 -5.652475 -5.231546 -4.866069 -4.560220 -4.317822 -4.142136 -4.035669 -4.000000 -4.035669 -4.142136 -4.317822 -4.560220 -4.866069 -5.231546 -5.652475 -6.124516 -6.643316 -7.204651 -7.804493 -8.439089 -9.104973 -9.798990 -10.518284 -11.260292 -12.022715 -12.803509 -13.600847 -14.413111 -15.238859 -16.076809 -16.925823 -17.784887 -18.653097 -19.529646 -20.413813 -21.000000 -21.000000 -21.000000 -21.000000 -21.000000 -21.000000 -21.000000 -21.000000 -21.000000 -21.000000 -21.000000 -21.000000 -21.000000 -21.000000 -21.000000 -21.000000 -21.000000 -20.000000 -19.000000 -18.000000 -17.000000 -16.000000 -15.000000 -14.000000 -13.000000 -12.000000 -11.000000 -10.000000 -9.000000 -8.000000 -7.000000 -6.000000 -5.000000 -4.000000 -3.000000 -2.000000 -1.000000 -0.000001 1.000000)
